3.323573432522634903e+02 -7.479249203238937278e-03
3.323747386957499543e+02 -7.181022702233742089e-03
3.323921341392364184e+02 -6.686883403762024919e-03
3.324095295827228824e+02 -6.204251268814436025e-03
3.324269250262093465e+02 -5.784322802612063344e-03
3.324443204696958105e+02 -5.449363746795097586e-03
3.324617159131822177e+02 -5.171446850114039609e-03
3.324791113566687386e+02 -4.929344283254717858e-03
3.324965068001551458e+02 -4.711656302786085097e-03
3.325139022436416099e+02 -4.510070341243375275e-03
3.325312976871280739e+02 -4.324898979083706234e-03
3.325486931306145379e+02 -4.173751869661747847e-03
3.325660885741009452e+02 -4.083967850285851256e-03
3.325834840175874660e+02 -4.084682731695257404e-03
3.326008794610739301e+02 -4.200346489976796750e-03
3.326182749045603373e+02 -4.451532062062239260e-03
3.326356703480468582e+02 -4.833895194034752187e-03
3.326530657915332654e+02 -5.325933207506149993e-03
3.326704612350197294e+02 -5.882346167364712469e-03
3.326878566785061935e+02 -6.436903835970431663e-03
3.327052521219926575e+02 -6.917760489489646093e-03
3.327226475654790647e+02 -7.237501838173773794e-03
3.327400430089655856e+02 -7.324136321981492871e-03
3.327574384524519928e+02 -7.111452037144721204e-03
3.327748338959385137e+02 -6.564566698846822403e-03
3.327922293394249778e+02 -5.660419330073364341e-03
3.328096247829113850e+02 -4.420455904841054731e-03
3.328270202263979058e+02 -2.895767094130128651e-03
3.328444156698843130e+02 -1.166164952281329662e-03
3.328618111133707771e+02 6.740938517661710077e-04
3.328792065568572411e+02 2.521769725270114025e-03
3.328966020003437052e+02 4.262864304626750797e-03
3.329139974438301124e+02 5.797580721361323200e-03
3.329313928873166333e+02 7.042654339168243592e-03
3.329487883308030405e+02 7.934796167026457805e-03
3.329661837742895045e+02 8.434200025859721686e-03
3.329835792177759686e+02 8.533280506292996101e-03
3.330009746612624326e+02 8.254997123848618890e-03
3.330183701047488967e+02 7.644183132439585047e-03
3.330357655482353607e+02 6.760116510197243869e-03
3.330531609917218248e+02 5.669332088950028783e-03
3.330705564352082320e+02 4.447664383505556783e-03
3.330879518786947528e+02 3.165408659306406542e-03
3.331053473221811601e+02 1.890276932737353262e-03
3.331227427656676809e+02 6.702790133307031566e-04
3.331401382091540881e+02 -4.669611190291992069e-04
3.331575336526405522e+02 -1.511202051996422694e-03
3.331749290961270162e+02 -2.463974825309712350e-03
3.331923245396134803e+02 -3.339552605094410747e-03
3.332097199830998875e+02 -4.162434715625946968e-03
3.332271154265864084e+02 -4.959106583616892244e-03
3.332445108700728724e+02 -5.750820415696953659e-03
3.332619063135592796e+02 -6.548263942580755115e-03
3.332793017570458005e+02 -7.347281510279762666e-03
3.332966972005322077e+02 -8.136786574098124961e-03
3.333140926440186718e+02 -8.899134253492483465e-03
3.333314880875051358e+02 -9.609798742552015660e-03
3.333488835309915999e+02 -1.022053425662442817e-02
3.333662789744780071e+02 -1.070190304534704255e-02
3.333836744179645279e+02 -1.101183088812032577e-02
3.334010698614509352e+02 -1.113717986523693818e-02
3.334184653049373992e+02 -1.106678142588835879e-02
3.334358607484239201e+02 -1.078931008755839097e-02
3.334532561919103273e+02 -1.031820979826594646e-02
3.334706516353968482e+02 -9.696208142695082743e-03
3.334880470788832554e+02 -8.955816301928322745e-03
3.335054425223697194e+02 -8.129824233205511230e-03
3.335228379658561835e+02 -7.269729527337520820e-03
3.335402334093426475e+02 -6.415676735057545578e-03
3.335576288528290547e+02 -5.602358692894739839e-03
3.335750242963155756e+02 -4.844108139505616875e-03
3.335924197398019828e+02 -4.158081976517466818e-03
3.336098151832884469e+02 -3.552690370508932837e-03
3.336272106267749109e+02 -3.032166874958383291e-03
3.336446060702613750e+02 -2.598620412685450319e-03
3.336620015137478390e+02 -2.256071571262946787e-03
3.336793969572343030e+02 -2.006309276237653802e-03
3.336967924007207671e+02 -1.842876530085715793e-03
3.337141878442071743e+02 -1.770137112236089749e-03
3.337315832876936952e+02 -1.791410115550829329e-03
3.337489787311801024e+02 -1.907645075211561285e-03
3.337663741746665664e+02 -2.126258902851480004e-03
3.337837696181530305e+02 -2.437690919261573715e-03
3.338011650616394945e+02 -2.842881299619295313e-03
3.338185605051259586e+02 -3.340872116959825878e-03
3.338359559486124226e+02 -3.921091811355518174e-03
3.338533513920988867e+02 -4.569044815794408992e-03
3.338707468355853507e+02 -5.266397662974514615e-03
3.338881422790718148e+02 -5.995950852784643140e-03
3.339055377225582220e+02 -6.726131976433432150e-03
3.339229331660447428e+02 -7.421952744386896630e-03
3.339403286095311501e+02 -8.048138683743925881e-03
3.339577240530176141e+02 -8.572902238698254171e-03
3.339751194965040781e+02 -8.975295803788614982e-03
3.339925149399905422e+02 -9.240316600444470341e-03
3.340099103834769494e+02 -9.366264582141412345e-03
3.340273058269634703e+02 -9.365478817476392132e-03
3.340447012704498775e+02 -9.259721215991351811e-03
3.340620967139363415e+02 -9.080645241716145399e-03
3.340794921574228624e+02 -8.862363130776406903e-03
3.340968876009092696e+02 -8.641717161731081800e-03
3.341142830443957337e+02 -8.457139727233034879e-03
3.341316784878821977e+02 -8.339445025938188247e-03
3.341490739313686618e+02 -8.318325512747450079e-03
3.341664693748551258e+02 -8.408132401523422603e-03
3.341838648183415899e+02 -8.615571611765564242e-03
3.342012602618279971e+02 -8.945641298479422437e-03
3.342186557053145179e+02 -9.389387144945166019e-03
3.342360511488009251e+02 -9.937337480230722456e-03
3.342534465922873892e+02 -1.057871314169249975e-02
3.342708420357738532e+02 -1.129464891464049790e-02
3.342882374792603173e+02 -1.206349955978647595e-02
3.343056329227467813e+02 -1.286438622542123052e-02
3.343230283662332454e+02 -1.367101622730310800e-02
3.343404238097197094e+02 -1.445906582461038356e-02
3.343578192532061166e+02 -1.520267870451811817e-02
3.343752146966926375e+02 -1.588324640610887933e-02
3.343926101401790447e+02 -1.648928788412742930e-02
3.344100055836655088e+02 -1.702204690431957657e-02
3.344274010271519728e+02 -1.748837074534384528e-02
3.344447964706384369e+02 -1.790451301906757081e-02
3.344621919141248441e+02 -1.829653655872064827e-02
3.344795873576113650e+02 -1.867756759518988952e-02
3.344969828010978290e+02 -1.906513290574986946e-02
3.345143782445842930e+02 -1.947056227553807528e-02
3.345317736880707571e+02 -1.988751204636270836e-02
3.345491691315571643e+02 -2.030934884968160076e-02
3.345665645750436852e+02 -2.070154986852488360e-02
3.345839600185300924e+02 -2.104005458128731243e-02
3.346013554620165564e+02 -2.131132511863195744e-02
3.346187509055030205e+02 -2.149441321795660803e-02
3.346361463489894845e+02 -2.156769056762630407e-02
3.346535417924758917e+02 -2.153236428203415126e-02
3.346709372359624126e+02 -2.140101879077243446e-02
3.346883326794488198e+02 -2.119393833431596971e-02
3.347057281229352839e+02 -2.093158833470660368e-02
3.347231235664218048e+02 -2.063407552439219458e-02
3.347405190099082120e+02 -2.031362885161156623e-02
3.347579144533946760e+02 -1.998227206439887396e-02
3.347753098968811400e+02 -1.964079985771965270e-02
3.347927053403676041e+02 -1.928650277393781712e-02
3.348101007838540113e+02 -1.891053743164711545e-02
3.348274962273405322e+02 -1.850947066935425267e-02
3.348448916708269394e+02 -1.807373127431406712e-02
3.348622871143134603e+02 -1.762020131570103329e-02
3.348796825577998675e+02 -1.715668270244607996e-02
3.348970780012863315e+02 -1.670400708798032083e-02
3.349144734447727956e+02 -1.628272769818317825e-02
3.349318688882592596e+02 -1.592126382177557267e-02
3.349492643317457237e+02 -1.564387396401578645e-02
3.349666597752321877e+02 -1.546151092122914975e-02
3.349840552187186518e+02 -1.539305964413911765e-02
3.350014506622050590e+02 -1.544465199388758703e-02
3.350188461056915799e+02 -1.561249626618647045e-02
3.350362415491779871e+02 -1.589672113306546050e-02
3.350536369926644511e+02 -1.627560797090928102e-02
3.350710324361509151e+02 -1.672711792177093010e-02
3.350884278796373792e+02 -1.722387003352539303e-02
3.351058233231237864e+02 -1.774441889963624189e-02
3.351232187666103073e+02 -1.825627617415364820e-02
3.351406142100967713e+02 -1.873011699130011989e-02
3.351580096535831785e+02 -1.913365141549373122e-02
3.351754050970696994e+02 -1.946531788148904776e-02
3.351928005405561066e+02 -1.971264264042479550e-02
3.352101959840426275e+02 -1.987101786947133644e-02
3.352275914275290347e+02 -1.994921157670688852e-02
3.352449868710154988e+02 -1.996556958636495904e-02
3.352623823145019628e+02 -1.993255562399210909e-02
3.352797777579884269e+02 -1.986088075408908374e-02
3.352971732014748341e+02 -1.976589103757997803e-02
3.353145686449613549e+02 -1.964659978204808671e-02
3.353319640884477622e+02 -1.949655237188304552e-02
3.353493595319342262e+02 -1.930570952789984612e-02
3.353667549754207471e+02 -1.904144538648161467e-02
3.353841504189071543e+02 -1.867980070230543937e-02
3.354015458623936183e+02 -1.821016283450720488e-02
3.354189413058800824e+02 -1.762188804227184102e-02
3.354363367493665464e+02 -1.690234877554977824e-02
3.354537321928529536e+02 -1.606668596267570026e-02
3.354711276363394745e+02 -1.512835076823010501e-02
3.354885230798258817e+02 -1.412438704805415307e-02
3.355059185233123458e+02 -1.309116110661883402e-02
3.355233139667988098e+02 -1.207002769280347311e-02
3.355407094102852739e+02 -1.110363790885249453e-02
3.355581048537717948e+02 -1.022753178871894410e-02
3.355755002972582020e+02 -9.472453792928905297e-03
3.355928957407446660e+02 -8.863912086883418695e-03
3.356102911842311300e+02 -8.408188100607545332e-03
3.356276866277175941e+02 -8.108605357850419068e-03
3.356450820712040013e+02 -7.947732873497368941e-03
3.356624775146905222e+02 -7.912377129436440684e-03
3.356798729581769294e+02 -7.984346052906841906e-03
3.356972684016633934e+02 -8.141156705537470548e-03
3.357146638451498575e+02 -8.365791473962130853e-03
3.357320592886363215e+02 -8.648390661943073862e-03
3.357494547321227287e+02 -8.981589331066594170e-03
3.357668501756092496e+02 -9.365506315988394309e-03
3.357842456190957137e+02 -9.807679015933507688e-03
3.358016410625821209e+02 -1.031330996026057906e-02
3.358190365060686418e+02 -1.089401247462129865e-02
3.358364319495550490e+02 -1.154706348604259483e-02
3.358538273930415130e+02 -1.226213123357664837e-02
3.358712228365279771e+02 -1.302563084642248924e-02
3.358886182800144411e+02 -1.382072995841679593e-02
3.359060137235009051e+02 -1.462200726368453017e-02
3.359234091669873692e+02 -1.539386688541131108e-02
3.359408046104737764e+02 -1.610249622588391313e-02
3.359582000539602973e+02 -1.672435152956266297e-02
3.359755954974467045e+02 -1.724612688326249144e-02
3.359929909409331685e+02 -1.766342020054571110e-02
3.360103863844196894e+02 -1.798042955119735428e-02
3.360277818279060966e+02 -1.821084704588048220e-02
3.360451772713925607e+02 -1.838302522524942403e-02
3.360625727148790247e+02 -1.852263083228337937e-02
3.360799681583654888e+02 -1.865031273504692833e-02
3.360973636018518960e+02 -1.878406738738314791e-02
3.361147590453384169e+02 -1.892984119038591817e-02
3.361321544888248241e+02 -1.909660345085964148e-02
3.361495499323112881e+02 -1.928103573447229740e-02
3.361669453757977521e+02 -1.947018455552258082e-02
3.361843408192842162e+02 -1.964789422358159676e-02
3.362017362627706802e+02 -1.980028746220547850e-02
3.362191317062571443e+02 -1.992871629251167717e-02
3.362365271497436083e+02 -2.003555963031876386e-02
3.362539225932300724e+02 -2.013400401937331247e-02
3.362713180367165364e+02 -2.024292124878899340e-02
3.362887134802029436e+02 -2.038844889535398885e-02
3.363061089236894645e+02 -2.058456006534399932e-02
3.363235043671758717e+02 -2.084391652164640715e-02
3.363408998106623358e+02 -2.117376297211841923e-02
3.363582952541487998e+02 -2.156765180349670338e-02
3.363756906976352639e+02 -2.200599075423523635e-02
3.363930861411216711e+02 -2.246293739732084169e-02
3.364104815846081920e+02 -2.288970865138344538e-02
3.364278770280946560e+02 -2.324535566561054464e-02
3.364452724715810632e+02 -2.348551321225061592e-02
3.364626679150675841e+02 -2.356547509160951404e-02
3.364800633585539913e+02 -2.344968590354026480e-02
3.364974588020404553e+02 -2.311787337085442415e-02
3.365148542455269194e+02 -2.256105381548806355e-02
3.365322496890133834e+02 -2.178605535815844596e-02
3.365496451324997906e+02 -2.081672887545050338e-02
3.365670405759863115e+02 -1.968152524579674240e-02
3.365844360194727187e+02 -1.842272676887367691e-02
3.366018314629592396e+02 -1.708638575659686756e-02
3.366192269064456468e+02 -1.571898047074915192e-02
3.366366223499321109e+02 -1.437052006683616281e-02
3.366540177934186318e+02 -1.308719967909389124e-02
3.366714132369050390e+02 -1.190551089860006177e-02
3.366888086803915030e+02 -1.086437576887095031e-02
3.367062041238779670e+02 -9.991973618555432049e-03
3.367235995673644311e+02 -9.302198601705783526e-03
3.367409950108508383e+02 -8.794748079265866242e-03
3.367583904543373592e+02 -8.464643609796460716e-03
3.367757858978237664e+02 -8.298510260126084129e-03
3.367931813413102304e+02 -8.268994384743409004e-03
3.368105767847966945e+02 -8.335341224135425081e-03
3.368279722282831585e+02 -8.450052035770837244e-03
3.368453676717696226e+02 -8.560904849599849931e-03
3.368627631152560866e+02 -8.613970524653027927e-03
3.368801585587425507e+02 -8.563025224731891233e-03
3.368975540022289579e+02 -8.368200042197314337e-03
3.369149494457154788e+02 -7.997638276205479985e-03
3.369323448892018860e+02 -7.440861161775239041e-03
3.369497403326884069e+02 -6.704074448326203389e-03
3.369671357761748141e+02 -5.805534211464149358e-03
3.369845312196612781e+02 -4.776993143904293207e-03
3.370019266631477421e+02 -3.651067722601268346e-03
3.370193221066342062e+02 -2.470156685723612702e-03
3.370367175501206134e+02 -1.286900890291636963e-03
3.370541129936071343e+02 -1.537689495187376796e-04
3.370715084370935983e+02 8.723032241035588979e-04
3.370889038805800055e+02 1.737351051334791712e-03
3.371062993240665264e+02 2.409169617640681722e-03
3.371236947675529336e+02 2.868317154621142281e-03
3.371410902110393977e+02 3.092438243770570874e-03
3.371584856545258617e+02 3.069606235816887616e-03
3.371758810980123258e+02 2.810630789188755304e-03
3.371932765414987330e+02 2.333999562121998918e-03
3.372106719849852539e+02 1.675058185508916924e-03
3.372280674284716611e+02 8.742896734834182219e-04
3.372454628719581251e+02 -2.416853507552528261e-05
3.372628583154445892e+02 -9.665299873428876126e-04
3.372802537589310532e+02 -1.898859997607010809e-03
3.372976492024175741e+02 -2.776037653104398983e-03
3.373150446459039813e+02 -3.555904943210046014e-03
3.373324400893904453e+02 -4.204441153664003131e-03
3.373498355328769094e+02 -4.700072539201082672e-03
3.373672309763633734e+02 -5.023898349705121363e-03
3.373846264198497806e+02 -5.166969347244075930e-03
3.374020218633363015e+02 -5.135849582688365063e-03
3.374194173068227087e+02 -4.943237863145719460e-03
3.374368127503091728e+02 -4.609792253760114193e-03
3.374542081937956368e+02 -4.177928034534302525e-03
3.374716036372821009e+02 -3.693804235775457936e-03
3.374889990807685649e+02 -3.205011425493894690e-03
3.375063945242550290e+02 -2.768420026026795471e-03
3.375237899677414930e+02 -2.440692732964651595e-03
3.375411854112279002e+02 -2.267090877529369299e-03
3.375585808547144211e+02 -2.273783015892366990e-03
3.375759762982008283e+02 -2.474474446259786013e-03
3.375933717416872923e+02 -2.868520180230337436e-03
3.376107671851737564e+02 -3.424416942463031233e-03
3.376281626286602204e+02 -4.103228752148070820e-03
3.376455580721466845e+02 -4.866907404046765841e-03
3.376629535156331485e+02 -5.661465832474449691e-03
3.376803489591195557e+02 -6.445258233715350608e-03
3.376977444026060766e+02 -7.183524577351132340e-03
3.377151398460925407e+02 -7.861064199831405835e-03
3.377325352895789479e+02 -8.470112879869659897e-03
3.377499307330654688e+02 -9.005344802491448489e-03
3.377673261765518760e+02 -9.466320924759623334e-03
3.377847216200383400e+02 -9.866279169482414582e-03
3.378021170635248041e+02 -1.022146317623071760e-02
3.378195125070112681e+02 -1.053506021527009055e-02
3.378369079504976753e+02 -1.081412609086880756e-02
3.378543033939841962e+02 -1.106122444527529725e-02
3.378716988374706034e+02 -1.127294210955393818e-02
3.378890942809570674e+02 -1.145235059289793043e-02
3.379064897244435315e+02 -1.160642140929530122e-02
3.379238851679299955e+02 -1.174064102602152479e-02
3.379412806114164596e+02 -1.187342115266155039e-02
3.379586760549029236e+02 -1.203487139820163046e-02
3.379760714983893877e+02 -1.225552910370500403e-02
3.379934669418758517e+02 -1.256797185554775487e-02
3.380108623853623158e+02 -1.300317433515950187e-02
3.380282578288487230e+02 -1.358344532007682744e-02
3.380456532723352439e+02 -1.431857021035275700e-02
3.380630487158216511e+02 -1.520189004263775533e-02
3.380804441593081151e+02 -1.620224960516086429e-02
3.380978396027945792e+02 -1.728103921293951128e-02
3.381152350462810432e+02 -1.838543747005245629e-02
3.381326304897675072e+02 -1.944580099699487127e-02
3.381500259332539713e+02 -2.039102278544427035e-02
3.381674213767404353e+02 -2.116259522489978215e-02
3.381848168202268425e+02 -2.171176653637151704e-02
3.382022122637133634e+02 -2.198907402526293492e-02
3.382196077071997706e+02 -2.195866129003310602e-02
3.382370031506862347e+02 -2.160324067847988957e-02
3.382543985941726987e+02 -2.092781275301677443e-02
3.382717940376591628e+02 -1.995651736224742998e-02
3.382891894811455700e+02 -1.872131902145062268e-02
3.383065849246320909e+02 -1.725650028649728870e-02
3.383239803681184981e+02 -1.560865074606976495e-02
3.383413758116050190e+02 -1.383641473560318601e-02
3.383587712550914830e+02 -1.200454571145629507e-02
3.383761666985778902e+02 -1.017533111415064306e-02
3.383935621420644111e+02 -8.406737064891953853e-03
3.384109575855508183e+02 -6.755748819669421534e-03
3.384283530290372823e+02 -5.268011499800620556e-03
3.384457484725237464e+02 -3.977414917998767577e-03
3.384631439160102104e+02 -2.900011177773734183e-03
3.384805393594966176e+02 -2.038674853375708508e-03
3.384979348029831385e+02 -1.382460670264225918e-03
3.385153302464695457e+02 -9.082995769902032276e-04
3.385327256899560098e+02 -5.844741381380776655e-04
3.385501211334425307e+02 -3.787560968179572466e-04
3.385675165769289379e+02 -2.513575138210720743e-04
3.385849120204154019e+02 -1.645700327672933866e-04
3.386023074639018660e+02 -9.309905994555224952e-05
3.386197029073883300e+02 -1.813929868614453666e-05
3.386370983508747372e+02 7.452296735532247540e-05
3.386544937943612581e+02 1.866974221061354366e-04
3.386718892378476653e+02 3.248481049456364679e-04
3.386892846813341862e+02 4.951927463735726316e-04
3.387066801248205934e+02 6.970315105032426264e-04
3.387240755683070574e+02 9.326189797022127687e-04
3.387414710117935215e+02 1.199842240315614639e-03
3.387588664552799855e+02 1.495492238698164491e-03
3.387762618987664496e+02 1.817243450485541952e-03
3.387936573422529136e+02 2.159638456319958131e-03
3.388110527857393777e+02 2.510580453818835912e-03
3.388284482292257849e+02 2.855231281817676142e-03
3.388458436727123058e+02 3.170475957378646702e-03
3.388632391161987130e+02 3.428086900489976316e-03
3.388806345596851770e+02 3.608195328590733421e-03
3.388980300031716411e+02 3.692838834183215495e-03
3.389154254466581051e+02 3.662020729773800623e-03
3.389328208901445123e+02 3.499608668116364722e-03
3.389502163336310332e+02 3.198306542629538677e-03
3.389676117771174972e+02 2.761507002805196464e-03
3.389850072206039044e+02 2.195793975489102826e-03
3.390024026640904253e+02 1.501312433055220896e-03
3.390197981075768325e+02 6.811156394687966405e-04
3.390371935510633534e+02 -2.554784587585921590e-04
3.390545889945497606e+02 -1.299201707728127016e-03
3.390719844380362247e+02 -2.442318972250185488e-03
3.390893798815226887e+02 -3.677392865543035929e-03
3.391067753250091528e+02 -4.984034896075155950e-03
3.391241707684955600e+02 -6.340630996231780107e-03
3.391415662119820809e+02 -7.720752395980292823e-03
3.391589616554684881e+02 -9.086957289059610990e-03
3.391763570989549521e+02 -1.039539147300057656e-02
3.391937525424414730e+02 -1.160247381751780896e-02
3.392111479859278802e+02 -1.266717669897168309e-02
3.392285434294143442e+02 -1.355704238453656757e-02
3.392459388729008083e+02 -1.425836791819587272e-02
3.392633343163872723e+02 -1.475892910297074527e-02
3.392807297598736795e+02 -1.505660411509692452e-02
3.392981252033602004e+02 -1.515921177793903146e-02
3.393155206468466076e+02 -1.507671524591223770e-02
3.393329160903330717e+02 -1.481759480666498124e-02
3.393503115338195357e+02 -1.439945110665715421e-02
3.393677069773059998e+02 -1.384310802806083471e-02
3.393851024207924638e+02 -1.316115666838465516e-02
3.394024978642789279e+02 -1.236909114216581430e-02
3.394198933077653919e+02 -1.148933850966785478e-02
3.394372887512518560e+02 -1.053375828959977542e-02
3.394546841947383200e+02 -9.524886689299186943e-03
3.394720796382247272e+02 -8.491410364649650336e-03
3.394894750817112481e+02 -7.447961311842984933e-03
3.395068705251976553e+02 -6.406333151621499376e-03
3.395242659686841193e+02 -5.384336224160315293e-03
3.395416614121705834e+02 -4.400757731331891680e-03
3.395590568556570474e+02 -3.463905482698678533e-03
3.395764522991434546e+02 -2.574629912144573134e-03
3.395938477426299755e+02 -1.737720250053817602e-03
3.396112431861164396e+02 -9.715859635369192672e-04
3.396286386296028468e+02 -3.010269168424695402e-04
3.396460340730893677e+02 2.473789661611117022e-04
3.396634295165757749e+02 6.479011275495129328e-04
3.396808249600622958e+02 8.732962949032669221e-04
3.396982204035487030e+02 8.957702966537913186e-04
3.397156158470351670e+02 6.993050715331846495e-04
3.397330112905216311e+02 2.766931997324661367e-04
3.397504067340080951e+02 -3.714285093451276886e-04
3.397678021774945023e+02 -1.231244975506040141e-03
3.397851976209810232e+02 -2.268835593587613386e-03
3.398025930644674304e+02 -3.439224996098299170e-03
3.398199885079538944e+02 -4.698059008407226393e-03
3.398373839514404153e+02 -5.995550216876257936e-03
3.398547793949268225e+02 -7.282073511927577604e-03
3.398721748384132866e+02 -8.519506710617977263e-03
3.398895702818997506e+02 -9.675154996770036347e-03
3.399069657253862147e+02 -1.072629859069763707e-02
3.399243611688726219e+02 -1.165158394891803104e-02
3.399417566123591428e+02 -1.242939034519299941e-02
3.399591520558455500e+02 -1.304870132914216253e-02
3.399765474993320140e+02 -1.350598952401151943e-02
3.399939429428184781e+02 -1.379634066651568534e-02
3.400113383863049421e+02 -1.390828876561119379e-02
3.400287338297913493e+02 -1.384220550069734622e-02
3.400461292732778702e+02 -1.360996132880267460e-02
3.400635247167643342e+02 -1.322360470436349800e-02
3.400809201602507983e+02 -1.270724127378355071e-02
3.400983156037372623e+02 -1.209262045821431382e-02
3.401157110472236695e+02 -1.141832065010428381e-02
3.401331064907101904e+02 -1.072741611321390530e-02
3.401505019341965976e+02 -1.005872143848693910e-02
3.401678973776830617e+02 -9.447460081972043275e-03
3.401852928211695257e+02 -8.930600258185816820e-03
3.402026882646559898e+02 -8.527498044109477898e-03
3.402200837081423970e+02 -8.244160076448393132e-03
3.402374791516289179e+02 -8.070956047078138920e-03
3.402548745951153819e+02 -7.978694238549315434e-03
3.402722700386017891e+02 -7.929017695153204107e-03
3.402896654820883100e+02 -7.873015938918081005e-03
3.403070609255747172e+02 -7.760800627032286327e-03
3.403244563690611812e+02 -7.538644340966794456e-03
3.403418518125476453e+02 -7.162385000817673465e-03
3.403592472560341093e+02 -6.605111514150763946e-03
3.403766426995205165e+02 -5.846266905039961513e-03
3.403940381430070374e+02 -4.875085363719526207e-03
3.404114335864934446e+02 -3.703406576676548760e-03
3.404288290299799655e+02 -2.373052085983258334e-03
3.404462244734663727e+02 -9.350326749291372388e-04
3.404636199169528368e+02 5.625997620133245088e-04
3.404810153604393577e+02 2.064335759319269829e-03
3.404984108039257649e+02 3.508245974406456677e-03
3.405158062474122289e+02 4.836024561231053349e-03
3.405332016908986930e+02 6.001063246385346210e-03
3.405505971343851570e+02 6.977009498889750853e-03
3.405679925778715642e+02 7.752596776874678790e-03
3.405853880213580851e+02 8.337562860204936546e-03
3.406027834648444923e+02 8.757353576101280235e-03
3.406201789083309563e+02 9.031773838194201431e-03
3.406375743518174204e+02 9.194697371719118967e-03
3.406549697953038844e+02 9.280586473020869392e-03
3.406723652387902916e+02 9.301246007964211748e-03
3.406897606822768125e+02 9.267706745152731740e-03
3.407071561257632766e+02 9.172101186544977594e-03
3.407245515692496838e+02 8.990834755375142276e-03
3.407419470127362047e+02 8.697780374613158644e-03
3.407593424562226119e+02 8.266523440012342114e-03
3.407767378997091328e+02 7.660608558427670599e-03
3.407941333431955400e+02 6.857105271601186477e-03
3.408115287866820040e+02 5.855937362143757118e-03
3.408289242301684681e+02 4.654071988764627542e-03
3.408463196736549321e+02 3.262751399228267565e-03
3.408637151171413393e+02 1.714950518982456644e-03
3.408811105606278602e+02 4.348888921158082700e-05
3.408985060041143242e+02 -1.718660310891500587e-03
3.409159014476007314e+02 -3.526336410642918247e-03
3.409332968910872523e+02 -5.336325768058765295e-03
3.409506923345736595e+02 -7.110849199159867233e-03
3.409680877780601236e+02 -8.811313008069626002e-03
3.409854832215465876e+02 -1.040827026179673952e-02
3.410028786650330517e+02 -1.187530757188339989e-02
3.410202741085194589e+02 -1.318321632957547042e-02
3.410376695520059798e+02 -1.430952398297275115e-02
3.410550649954923870e+02 -1.523780467299941030e-02
3.410724604389789079e+02 -1.595318895201438755e-02
3.410898558824653151e+02 -1.644642782339118467e-02
3.411072513259517791e+02 -1.672140584780217043e-02
3.411246467694383000e+02 -1.678628701277696741e-02
3.411420422129247072e+02 -1.664921532890980757e-02
3.411594376564111712e+02 -1.632525580997977802e-02
3.411768330998976353e+02 -1.583774227347949787e-02
3.411942285433840993e+02 -1.521267049288423968e-02
3.412116239868705065e+02 -1.447273281824540750e-02
3.412290194303570274e+02 -1.364715765101692097e-02
3.412464148738434346e+02 -1.276707309278771185e-02
3.412638103173298987e+02 -1.186126494685429099e-02
3.412812057608163627e+02 -1.096502804067529466e-02
3.412986012043028268e+02 -1.011592487964740363e-02
3.413159966477892340e+02 -9.337695065237036282e-03
3.413333920912757549e+02 -8.657091196625936458e-03
3.413507875347622189e+02 -8.104011150622559070e-03
3.413681829782486261e+02 -7.705629381517620745e-03
3.413855784217351470e+02 -7.498665646281493444e-03
3.414029738652215542e+02 -7.500159068448146622e-03
3.414203693087080751e+02 -7.711583676134899090e-03
3.414377647521944823e+02 -8.132032866105245658e-03
3.414551601956809463e+02 -8.744665934846126282e-03
3.414725556391674104e+02 -9.514323076325990544e-03
3.414899510826538744e+02 -1.039014806773734187e-02
3.415073465261402816e+02 -1.130560385986415645e-02
3.415247419696268025e+02 -1.218856820964195516e-02
3.415421374131132666e+02 -1.296337937685926485e-02
3.415595328565996738e+02 -1.355877233559919792e-02
3.415769283000861947e+02 -1.390749745939542058e-02
3.415943237435726019e+02 -1.396903334509509015e-02
3.416117191870590659e+02 -1.371996156221132190e-02
3.416291146305455300e+02 -1.316024738124305093e-02
3.416465100740319940e+02 -1.232058927660628980e-02
3.416639055175184012e+02 -1.124092077612533908e-02
3.416813009610049221e+02 -9.959955638445568485e-03
3.416986964044913293e+02 -8.527193377670652316e-03
3.417160918479777933e+02 -6.984095736441867618e-03
3.417334872914642574e+02 -5.341195057774131803e-03
3.417508827349507214e+02 -3.597557464914510894e-03
3.417682781784372423e+02 -1.719637991442700062e-03
3.417856736219236495e+02 3.476677424235049066e-04
3.418030690654101136e+02 2.679541302493346037e-03
3.418204645088965776e+02 5.378386899835677949e-03
3.418378599523830417e+02 8.553681384328087195e-03
3.418552553958694489e+02 1.231719798898855793e-02
3.418726508393559698e+02 1.678246708627734868e-02
3.418900462828423770e+02 2.208772809139226967e-02
3.419074417263288410e+02 2.834908576149906823e-02
3.419248371698153051e+02 3.568440350713692616e-02
3.419422326133017691e+02 4.420201650654210362e-02
3.419596280567881763e+02 5.402378260662797638e-02
3.419770235002746972e+02 6.527562753430074527e-02
3.419944189437611612e+02 7.807891152057042095e-02
3.420118143872475684e+02 9.255744239249087679e-02
3.420292098307340893e+02 1.088302826302368631e-01
3.420466052742204965e+02 1.270093413580060671e-01
3.420640007177069606e+02 1.472026503771920181e-01
3.420813961611934246e+02 1.695081473765729929e-01
3.420987916046798887e+02 1.939523142582776360e-01
3.421161870481663527e+02 2.204090550048043995e-01
3.421335824916528168e+02 2.485912214132738329e-01
3.421509779351392240e+02 2.781766100421430021e-01
3.421683733786257449e+02 3.086950199216438873e-01
3.421857688221122089e+02 3.394996578631083173e-01
3.422031642655986161e+02 3.696777746220596961e-01
3.422205597090851370e+02 3.981284905582253009e-01
3.422379551525715442e+02 4.236771670496630726e-01
3.422553505960580083e+02 4.451184311835532093e-01
3.422727460395444723e+02 4.611467653033755054e-01
3.422901414830309363e+02 4.704474621323128103e-01
3.423075369265173435e+02 4.717186282971665978e-01
3.423249323700038644e+02 4.637660712738741475e-01
3.423423278134902716e+02 4.456330131265678896e-01
3.423597232569767357e+02 4.166399401394106916e-01
3.423771187004632566e+02 3.764881332577110773e-01
3.423945141439496638e+02 3.253392291152313320e-01
3.424119095874361278e+02 2.638304579962002516e-01
3.424293050309225919e+02 1.931951590344954395e-01
3.424467004744090559e+02 1.151483533252494196e-01
3.424640959178955200e+02 3.187957825308129767e-02
3.424814913613819840e+02 -5.411776046612953861e-02
3.424988868048683912e+02 -1.400415814329936670e-01
3.425162822483549121e+02 -2.228832291558762446e-01
3.425336776918413193e+02 -2.997391733787523327e-01
3.425510731353277833e+02 -3.680917870034859374e-01
3.425684685788142474e+02 -4.258291111402107698e-01
3.425858640223007114e+02 -4.713276662195651223e-01
3.426032594657871186e+02 -5.036142595411930989e-01
3.426206549092736395e+02 -5.224551678090163520e-01
3.426380503527601036e+02 -5.282813717028332912e-01
3.426554457962465108e+02 -5.221721784554281820e-01
3.426728412397330317e+02 -5.057516928738822193e-01
3.426902366832194389e+02 -4.808935545713740600e-01
3.427076321267059029e+02 -4.495709025228781242e-01
3.427250275701923670e+02 -4.137933749600424260e-01
3.427424230136788310e+02 -3.754785425653103803e-01
3.427598184571652382e+02 -3.363567683818675658e-01
3.427772139006517591e+02 -2.978879821708061426e-01
3.427946093441381663e+02 -2.611878850871391933e-01
3.428120047876246872e+02 -2.270732489508668350e-01
3.428294002311111512e+02 -1.961092461768085271e-01
3.428467956745975584e+02 -1.684996039641069032e-01
3.428641911180840793e+02 -1.441515022079562780e-01
3.428815865615704865e+02 -1.228879508418323219e-01
3.428989820050569506e+02 -1.045092847172837403e-01
3.429163774485434146e+02 -8.872150559710981210e-02
3.429337728920298787e+02 -7.518913587903712503e-02
3.429511683355162859e+02 -6.358784439950616874e-02
3.429685637790028068e+02 -5.364705372387097715e-02
3.429859592224892140e+02 -4.513062047768538754e-02
3.430033546659756780e+02 -3.784121015682103545e-02
3.430207501094621989e+02 -3.160052457588743979e-02
3.430381455529486061e+02 -2.626060611728744248e-02
3.430555409964350702e+02 -2.168952124101155426e-02
3.430729364399215342e+02 -1.780766557348248055e-02
3.430903318834079982e+02 -1.452717087438445791e-02
3.431077273268944055e+02 -1.176113983624230488e-02
3.431251227703809263e+02 -9.444655194763970293e-03
3.431425182138673335e+02 -7.518912236238795878e-03
3.431599136573538544e+02 -5.910964614429998522e-03
3.431773091008402616e+02 -4.565189616488479069e-03
3.431947045443267257e+02 -3.428875668305956647e-03
3.432120999878131897e+02 -2.470415522486320813e-03
3.432294954312996538e+02 -1.664035701748897830e-03
3.432468908747861178e+02 -1.013833832569944419e-03
3.432642863182725819e+02 -5.182615356169244063e-04
3.432816817617590459e+02 -1.775054324450046938e-04
3.432990772052454531e+02 -4.786457958593615087e-06
3.433164726487319740e+02 -1.620659598775026444e-05
3.433338680922183812e+02 -2.235774538746486168e-04
3.433512635357048453e+02 -6.472149214348150732e-04
3.433686589791913093e+02 -1.284405565382113704e-03
3.433860544226777733e+02 -2.138083218595499164e-03
3.434034498661641805e+02 -3.190742640814655563e-03
3.434208453096507014e+02 -4.421382013483602866e-03
3.434382407531371086e+02 -5.783024852408078474e-03
3.434556361966235727e+02 -7.217270119959209689e-03
3.434730316401100936e+02 -8.672873877502778120e-03
3.434904270835965008e+02 -1.007185406601437613e-02
3.435078225270830217e+02 -1.134305134202031641e-02
3.435252179705694289e+02 -1.242231150840410712e-02
3.435426134140558929e+02 -1.325333808314060544e-02
3.435600088575423570e+02 -1.378195544453416493e-02
3.435774043010288210e+02 -1.398018539643180319e-02
3.435947997445152282e+02 -1.384806561600291676e-02
3.436121951880017491e+02 -1.338995190694191109e-02
3.436295906314881563e+02 -1.263840500846509854e-02
3.436469860749746204e+02 -1.162650434264063566e-02
3.436643815184611412e+02 -1.041129098581195303e-02
3.436817769619475484e+02 -9.059775234297859706e-03
3.436991724054340125e+02 -7.648227307506256199e-03
3.437165678489204765e+02 -6.250273093061056891e-03
3.437339632924069406e+02 -4.920592014416336722e-03
3.437513587358933478e+02 -3.694936950674880191e-03
3.437687541793798687e+02 -2.607229222133965272e-03
3.437861496228662759e+02 -1.666372681323640683e-03
3.438035450663527399e+02 -8.687374189682491596e-04
3.438209405098392040e+02 -2.058023080392153842e-04
3.438383359533256680e+02 3.401223504218030594e-04
3.438557313968121321e+02 7.965755826942063581e-04
3.438731268402985961e+02 1.192196671726839050e-03
3.438905222837850602e+02 1.549432849587797359e-03
3.439079177272715242e+02 1.891841450331315433e-03
3.439253131707579882e+02 2.241339132259009912e-03
3.439427086142443954e+02 2.602883574441884965e-03
3.439601040577309163e+02 2.991038875321892342e-03
3.439774995012173235e+02 3.403748997385324347e-03
3.439948949447037876e+02 3.842587630951970531e-03
3.440122903881902516e+02 4.292146343372527616e-03
3.440296858316767157e+02 4.739500493279981755e-03
3.440470812751631229e+02 5.166673896235491302e-03
3.440644767186496438e+02 5.551471425968799826e-03
3.440818721621360510e+02 5.871850436104766521e-03
3.440992676056225150e+02 6.101647772631187301e-03
3.441166630491090359e+02 6.219428363879662448e-03
3.441340584925954431e+02 6.213551208785632329e-03
3.441514539360819072e+02 6.065316675702764858e-03
3.441688493795683712e+02 5.769642160277608199e-03
3.441862448230548353e+02 5.325352693884340821e-03
3.442036402665412993e+02 4.740775157756269877e-03
3.442210357100277633e+02 4.029938391208963931e-03
3.442384311535141705e+02 3.223193900632606752e-03
3.442558265970006914e+02 2.355889320778193404e-03
3.442732220404870986e+02 1.456170237464383130e-03
3.442906174839735627e+02 5.693546350907759731e-04
3.443080129274600836e+02 -2.524963614860330045e-04
3.443254083709464908e+02 -9.614879548102088893e-04
3.443428038144329548e+02 -1.512364789073229049e-03
3.443601992579194189e+02 -1.870267720015725971e-03
3.443775947014058829e+02 -1.998688312894754578e-03
3.443949901448922901e+02 -1.879671558742603259e-03
3.444123855883788110e+02 -1.517452422494550927e-03
3.444297810318652182e+02 -9.216529286693692872e-04
3.444471764753516823e+02 -1.066783529964222105e-04
3.444645719188381463e+02 8.947268668023779063e-04
3.444819673623246103e+02 2.040580750214664434e-03
3.444993628058110176e+02 3.275237982849392871e-03
3.445167582492975384e+02 4.539166838004825982e-03
3.445341536927840025e+02 5.771067259033028050e-03
3.445515491362704665e+02 6.909705313413726756e-03
3.445689445797569306e+02 7.895122198115158904e-03
3.445863400232433378e+02 8.680266930070099779e-03
3.446037354667298587e+02 9.233901840743697839e-03
3.446211309102162659e+02 9.536009343666714683e-03
3.446385263537027299e+02 9.582394302361199601e-03
3.446559217971891940e+02 9.384194957890676717e-03
3.446733172406756580e+02 8.966374519145954569e-03
3.446907126841620652e+02 8.375866263583046922e-03
3.447081081276485861e+02 7.666713526754756480e-03
3.447255035711349933e+02 6.901094278450082414e-03
3.447428990146214574e+02 6.139154278140316300e-03
3.447602944581079782e+02 5.444766938552562247e-03
3.447776899015943854e+02 4.878452139350838296e-03
3.447950853450808495e+02 4.488905351873742448e-03
3.448124807885673135e+02 4.304898021003877168e-03
3.448298762320537776e+02 4.337781197814095588e-03
3.448472716755401848e+02 4.580786067761608710e-03
3.448646671190267057e+02 5.022924888999705240e-03
3.448820625625131129e+02 5.641553668568431192e-03
3.448994580059996338e+02 6.393249146536094177e-03
3.449168534494860410e+02 7.225507120802303861e-03
3.449342488929725050e+02 8.097389480311868379e-03
3.449516443364590259e+02 8.961562088949673321e-03
3.449690397799454331e+02 9.768913266958067360e-03
3.449864352234318972e+02 1.047289340135721704e-02
3.450038306669183612e+02 1.103335796881014727e-02
3.450212261104048252e+02 1.142358906032010964e-02
3.450386215538912325e+02 1.163123574627586247e-02
3.450560169973777533e+02 1.166718761912750174e-02
3.450734124408641605e+02 1.154297707286409784e-02
3.450908078843506246e+02 1.127694971182737101e-02
3.451082033278370886e+02 1.090634035343303332e-02
3.451255987713235527e+02 1.046728791182231777e-02
3.451429942148099599e+02 9.991730614048344172e-03
3.451603896582964808e+02 9.507582559869947811e-03
3.451777851017829448e+02 9.033299724351134471e-03
3.451951805452693520e+02 8.581359080813939083e-03
3.452125759887558729e+02 8.147219840104543906e-03
3.452299714322422801e+02 7.720474020315853773e-03
3.452473668757288010e+02 7.293841817288423263e-03
3.452647623192152082e+02 6.847118969759240920e-03
3.452821577627016723e+02 6.363743136689025380e-03
3.452995532061881363e+02 5.841500460501027406e-03
3.453169486496746003e+02 5.279808172271278389e-03
3.453343440931610075e+02 4.681182318019378938e-03
3.453517395366475284e+02 4.059052596265484529e-03
3.453691349801339356e+02 3.429571752158826724e-03
3.453865304236203997e+02 2.803794420916612840e-03
3.454039258671069206e+02 2.192589180968226512e-03
3.454213213105933278e+02 1.611451352986116754e-03
3.454387167540797918e+02 1.072979458284173578e-03
3.454561121975662559e+02 5.822260588603037079e-04
3.454735076410527199e+02 1.448207406030021420e-04
3.454909030845391271e+02 -2.379735304998780961e-04
3.455082985280256480e+02 -5.732001678142846588e-04
3.455256939715120552e+02 -8.848172786469683283e-04
3.455430894149985193e+02 -1.193969983667154478e-03
3.455604848584849833e+02 -1.523301939975440708e-03
3.455778803019714474e+02 -1.892377980568402725e-03
3.455952757454579682e+02 -2.317401153269184420e-03
3.456126711889443754e+02 -2.814140858529756099e-03
3.456300666324308395e+02 -3.387792658216400368e-03
3.456474620759173035e+02 -4.018026257095252268e-03
3.456648575194037676e+02 -4.682405398358614051e-03
3.456822529628901748e+02 -5.347927934016736065e-03
3.456996484063766957e+02 -5.981410529114224162e-03
3.457170438498631029e+02 -6.548059243160809367e-03
3.457344392933495669e+02 -7.016335135806910268e-03
3.457518347368360310e+02 -7.351838169013197831e-03
3.457692301803224950e+02 -7.541144884483565007e-03
3.457866256238089022e+02 -7.587989339472594845e-03
3.458040210672954231e+02 -7.505368202996891107e-03
3.458214165107818872e+02 -7.315752388552781114e-03
3.458388119542682944e+02 -7.051532235629291365e-03
3.458562073977548152e+02 -6.742900389065615251e-03
3.458736028412412224e+02 -6.424325910092293888e-03
3.458909982847276865e+02 -6.141863076050731694e-03
3.459083937282141505e+02 -5.938323699047641513e-03
3.459257891717006146e+02 -5.844158044926724138e-03
3.459431846151870786e+02 -5.887788121394836593e-03
3.459605800586735427e+02 -6.093224800892766552e-03
3.459779755021599499e+02 -6.470328229912418114e-03
3.459953709456464708e+02 -7.013667230643646881e-03
3.460127663891328780e+02 -7.700179099428375827e-03
3.460301618326193420e+02 -8.497315493427550631e-03
3.460475572761058629e+02 -9.349811414410210547e-03
3.460649527195922701e+02 -1.019616541553967567e-02
3.460823481630787342e+02 -1.096356746302239171e-02
3.460997436065651982e+02 -1.157556179790996016e-02
3.461171390500516623e+02 -1.195948011627909723e-02
3.461345344935380695e+02 -1.205699272975531769e-02
3.461519299370245903e+02 -1.183820714661011977e-02
3.461693253805109975e+02 -1.128908506043596778e-02
3.461867208239974616e+02 -1.041570882259159822e-02
3.462041162674839256e+02 -9.243060393731381691e-03
3.462215117109703897e+02 -7.815348322122835090e-03
3.462389071544568537e+02 -6.187974139341590081e-03
3.462563025979433178e+02 -4.427814454852819874e-03
3.462736980414297818e+02 -2.597070747893503572e-03
3.462910934849162459e+02 -7.388633851396835765e-04
3.463084889284027099e+02 1.101216847620185109e-03
3.463258843718891171e+02 2.884395757006711324e-03
3.463432798153756380e+02 4.582954631053918516e-03
3.463606752588620452e+02 6.168956615749844954e-03
3.463780707023485093e+02 7.622550933503377535e-03
3.463954661458349733e+02 8.926791447770998991e-03
3.464128615893214374e+02 1.007109535479647038e-02
3.464302570328078446e+02 1.104088107888566601e-02
3.464476524762943654e+02 1.182861157385217341e-02
3.464650479197808295e+02 1.243690325146866275e-02
3.464824433632672367e+02 1.287732755487555614e-02
3.464998388067537576e+02 1.315661467753896467e-02
3.465172342502401648e+02 1.328963644701297055e-02
3.465346296937266288e+02 1.330104001837542280e-02
3.465520251372130929e+02 1.322650249788352717e-02
3.465694205806995569e+02 1.309209713389630596e-02
3.465868160241859641e+02 1.291511427195710798e-02
3.466042114676724850e+02 1.272148113752842591e-02
3.466216069111588922e+02 1.253665630451792842e-02
3.466390023546454131e+02 1.236762248956529975e-02
3.466563977981318203e+02 1.221055093280939974e-02
3.466737932416182844e+02 1.205577379768732645e-02
3.466911886851048052e+02 1.188624186657032469e-02
3.467085841285912124e+02 1.167491183354392795e-02
3.467259795720776765e+02 1.139603410372919817e-02
3.467433750155641405e+02 1.102703406136332394e-02
3.467607704590506046e+02 1.054693100162299411e-02
3.467781659025370118e+02 9.942164104079878259e-03
3.467955613460235327e+02 9.203803760607441597e-03
3.468129567895099399e+02 8.338528787150282021e-03
3.468303522329964039e+02 7.358337617247179101e-03
3.468477476764828680e+02 6.278179223186130219e-03
3.468651431199693320e+02 5.111740799303442911e-03
3.468825385634557961e+02 3.880527864344020337e-03
3.468999340069422601e+02 2.611601768013943961e-03
3.469173294504287242e+02 1.347541718763623983e-03
3.469347248939151314e+02 1.211839818883807371e-04
3.469521203374016523e+02 -1.029289153157486331e-03
3.469695157808880595e+02 -2.070031089107117906e-03
3.469869112243745803e+02 -2.966323218121751874e-03
3.470043066678609875e+02 -3.699573718472932028e-03
3.470217021113474516e+02 -4.244352133679765021e-03
3.470390975548339156e+02 -4.581911087005986760e-03
3.470564929983203797e+02 -4.714841253296595501e-03
3.470738884418068437e+02 -4.654070571493217068e-03
3.470912838852933078e+02 -4.413591820750205341e-03
3.471086793287797718e+02 -4.011028779053374578e-03
3.471260747722661790e+02 -3.476242958402690590e-03
3.471434702157526999e+02 -2.832398075001418564e-03
3.471608656592391071e+02 -2.115172618043850705e-03
3.471782611027255712e+02 -1.348838334274564833e-03
3.471956565462120352e+02 -5.581009485957646142e-04
3.472130519896984993e+02 2.186210998130277223e-04
3.472304474331849065e+02 9.624909844063080783e-04
3.472478428766714273e+02 1.652296476201921141e-03
3.472652383201578346e+02 2.268978143834936637e-03
3.472826337636442986e+02 2.792909839008039796e-03
3.473000292071308195e+02 3.194323059745689947e-03
3.473174246506172267e+02 3.471126533533770708e-03
3.473348200941037476e+02 3.604332087718938038e-03
3.473522155375901548e+02 3.598747910696946904e-03
3.473696109810766188e+02 3.462755814492666107e-03
3.473870064245630829e+02 3.212293175856715220e-03
3.474044018680495469e+02 2.867803773799229052e-03
3.474217973115359541e+02 2.459132565739141456e-03
3.474391927550224750e+02 2.006430691228936955e-03
3.474565881985088822e+02 1.530640463282844374e-03
3.474739836419953463e+02 1.050818513268314373e-03
3.474913790854818103e+02 5.911428930629980235e-04
3.475087745289682744e+02 1.633886472568883198e-04
3.475261699724547384e+02 -2.271492242065024068e-04
3.475435654159412024e+02 -5.711370838789385073e-04
3.475609608594276665e+02 -8.681648846969330533e-04
3.475783563029140737e+02 -1.118211975811178203e-03
3.475957517464005946e+02 -1.320848783767085421e-03
3.476131471898870018e+02 -1.473322344246167379e-03
3.476305426333734658e+02 -1.557859102551072215e-03
3.476479380768599299e+02 -1.572465903657425468e-03
3.476653335203463939e+02 -1.506958057119029640e-03
3.476827289638328580e+02 -1.352551209364986949e-03
3.477001244073193220e+02 -1.098333390473390332e-03
3.477175198508057861e+02 -7.184849844756613932e-04
3.477349152942922501e+02 -2.092057136906947724e-04
3.477523107377787142e+02 4.357833108094737781e-04
3.477697061812651214e+02 1.215021654025231698e-03
3.477871016247516422e+02 2.128378239219551500e-03
3.478044970682380495e+02 3.154592874372283678e-03
3.478218925117245135e+02 4.265699306483514315e-03
3.478392879552109775e+02 5.434437888540360508e-03
3.478566833986974416e+02 6.612649160498549304e-03
3.478740788421838488e+02 7.758408769228129602e-03
3.478914742856703697e+02 8.831085179180242495e-03
3.479088697291567769e+02 9.791077195400592001e-03
3.479262651726432409e+02 1.059157381848279018e-02
3.479436606161297618e+02 1.120086697234154785e-02
3.479610560596161690e+02 1.159461101466726686e-02
3.479784515031026331e+02 1.176309918855435177e-02
3.479958469465890971e+02 1.170807494535573007e-02
3.480132423900755612e+02 1.142809888569904300e-02
3.480306378335620252e+02 1.092792755620784415e-02
3.480480332770484893e+02 1.022214840667358925e-02
3.480654287205348965e+02 9.340269516432577260e-03
3.480828241640214173e+02 8.322607558306006556e-03
3.481002196075078245e+02 7.211064567134429365e-03
3.481176150509942886e+02 6.057561756230083264e-03
3.481350104944807526e+02 4.912747756452901481e-03
3.481524059379672167e+02 3.835453535733722528e-03
3.481698013814536807e+02 2.886717723943672820e-03
3.481871968249401448e+02 2.118513751630188464e-03
3.482045922684266088e+02 1.562951540049196909e-03
3.482219877119130160e+02 1.242953548517617161e-03
3.482393831553995369e+02 1.170596558946698047e-03
3.482567785988859441e+02 1.333975751388161374e-03
3.482741740423724082e+02 1.697195672105876463e-03
3.482915694858588722e+02 2.212942364418315263e-03
3.483089649293453363e+02 2.830356587717562135e-03
3.483263603728317435e+02 3.496467185566066050e-03
3.483437558163182644e+02 4.152944075519385443e-03
3.483611512598047284e+02 4.747088763112109963e-03
3.483785467032911924e+02 5.247126868387380627e-03
3.483959421467776565e+02 5.634087602545566689e-03
3.484133375902640637e+02 5.902421676306849642e-03
3.484307330337505846e+02 6.065393560281327930e-03
3.484481284772369918e+02 6.141667754959391837e-03
3.484655239207234558e+02 6.156617767296603504e-03
3.484829193642099199e+02 6.140813614498436684e-03
3.485003148076963839e+02 6.122922559204752209e-03
3.485177102511827911e+02 6.129074148232320496e-03
3.485351056946693120e+02 6.173628978332619359e-03
3.485525011381557192e+02 6.259746793951194779e-03
3.485698965816421833e+02 6.390902716450217250e-03
3.485872920251287042e+02 6.566170024263740836e-03
3.486046874686151114e+02 6.769011755519633092e-03
3.486220829121015754e+02 6.984778922175490130e-03
3.486394783555880394e+02 7.207416717135347976e-03
3.486568737990745035e+02 7.422834870259802272e-03
3.486742692425609107e+02 7.620856691393511524e-03
3.486916646860474316e+02 7.800223047495503416e-03
3.487090601295338388e+02 7.959455926584972640e-03
3.487264555730203597e+02 8.100180541511875498e-03
3.487438510165067669e+02 8.231928080301381331e-03
3.487612464599932309e+02 8.367514260624327183e-03
3.487786419034796950e+02 8.528044766423811818e-03
3.487960373469661590e+02 8.740323497477128431e-03
3.488134327904526231e+02 9.023353319733704372e-03
3.488308282339390871e+02 9.393884878282580259e-03
3.488482236774255512e+02 9.861074751809749059e-03
3.488656191209119584e+02 1.041953028951500722e-02
3.488830145643984793e+02 1.105758800188361320e-02
3.489004100078848865e+02 1.175572905228484434e-02
3.489178054513713505e+02 1.247475826537326055e-02
3.489352008948578145e+02 1.316099936165282709e-02
3.489525963383442786e+02 1.375408055738863017e-02
3.489699917818306858e+02 1.419525610164736398e-02
3.489873872253172067e+02 1.443465581899907105e-02
3.490047826688036707e+02 1.443599063586869895e-02
3.490221781122900779e+02 1.418052429196910331e-02
3.490395735557765988e+02 1.366086230239706156e-02
3.490569689992630060e+02 1.288162311231259849e-02
3.490743644427495269e+02 1.186737141279122464e-02
3.490917598862359341e+02 1.065571277746919440e-02
3.491091553297223982e+02 9.290474575542792199e-03
3.491265507732088622e+02 7.829389827062976231e-03
3.491439462166953263e+02 6.333198431170422235e-03
3.491613416601817335e+02 4.856651690792143129e-03
3.491787371036682543e+02 3.451127325609802156e-03
3.491961325471546616e+02 2.155526976049654785e-03
3.492135279906411256e+02 1.002488550575382107e-03
3.492309234341276465e+02 9.450154898333059536e-06
3.492483188776140537e+02 -8.308972070566048636e-04
3.492657143211005177e+02 -1.535905720890812492e-03
3.492831097645869818e+02 -2.131216874506259521e-03
3.493005052080734458e+02 -2.646883901783852935e-03
3.493179006515598530e+02 -3.123901645307752654e-03
3.493352960950463739e+02 -3.606712314572474605e-03
3.493526915385327811e+02 -4.123813322152888178e-03
3.493700869820192452e+02 -4.695780089057671920e-03
3.493874824255057092e+02 -5.338715254223750512e-03
3.494048778689921733e+02 -6.067116225867674392e-03
3.494222733124786373e+02 -6.887064848663009692e-03
3.494396687559651014e+02 -7.786729554044673034e-03
3.494570641994515654e+02 -8.747408144352175965e-03
3.494744596429380294e+02 -9.745938042649265193e-03
3.494918550864244935e+02 -1.074982540319402262e-02
3.495092505299109007e+02 -1.172525425033037541e-02
3.495266459733974216e+02 -1.264845980817969930e-02
3.495440414168838288e+02 -1.349216439667991208e-02
3.495614368603702928e+02 -1.422694151816303147e-02
3.495788323038567569e+02 -1.483411338414212036e-02
3.495962277473432209e+02 -1.529693824652655215e-02
3.496136231908296281e+02 -1.559784554018837921e-02
3.496310186343161490e+02 -1.572665783519238206e-02
3.496484140778026131e+02 -1.567868291570801570e-02
3.496658095212890203e+02 -1.545450771092657903e-02
3.496832049647755412e+02 -1.507304483188280121e-02
3.497006004082619484e+02 -1.456376241435606601e-02
3.497179958517484124e+02 -1.395958074467846741e-02
3.497353912952348765e+02 -1.330527899844870243e-02
3.497527867387213405e+02 -1.265293705665774052e-02
3.497701821822078045e+02 -1.205947150431272916e-02
3.497875776256942686e+02 -1.157830115422680932e-02
3.498049730691806758e+02 -1.124508342071321547e-02
3.498223685126671967e+02 -1.107636876836213917e-02
3.498397639561536607e+02 -1.107163020043859351e-02
3.498571593996400679e+02 -1.121335873753940247e-02
3.498745548431265888e+02 -1.146608045825925869e-02
3.498919502866129960e+02 -1.177829204639503462e-02
3.499093457300994601e+02 -1.209257430611212526e-02
3.499267411735859241e+02 -1.234693203612340431e-02
3.499441366170723882e+02 -1.247850747188688526e-02
3.499615320605587954e+02 -1.244235236916741219e-02
3.499789275040453163e+02 -1.220623954502808237e-02
3.499963229475317235e+02 -1.175678392994095045e-02
3.500137183910181875e+02 -1.110034161650631616e-02
3.500311138345046515e+02 -1.026234122301614843e-02
3.500485092779911156e+02 -9.292968048098017297e-03
3.500659047214775228e+02 -8.250091242638920436e-03
3.500833001649640437e+02 -7.183181764653301035e-03
3.501006956084505077e+02 -6.134392284077752437e-03
3.501180910519369718e+02 -5.140498631906185653e-03
3.501354864954234358e+02 -4.226563443112779130e-03
3.501528819389098430e+02 -3.397998923094044076e-03
3.501702773823963639e+02 -2.639929953091718021e-03
3.501876728258827711e+02 -1.924523669035952973e-03
3.502050682693692352e+02 -1.220744569993729685e-03
3.502224637128556992e+02 -4.978448048928101706e-04
3.502398591563421633e+02 2.678426457161791089e-04
3.502572545998285705e+02 1.087173450787410961e-03
3.502746500433150914e+02 1.948332235629644370e-03
3.502920454868015554e+02 2.825036876676603661e-03
3.503094409302879626e+02 3.686018650895402354e-03
3.503268363737744835e+02 4.486461718698472878e-03
3.503442318172608907e+02 5.174713471746557672e-03
3.503616272607473547e+02 5.701415643533806581e-03
3.503790227042338188e+02 6.023801230273263634e-03
3.503964181477202828e+02 6.104384470749292003e-03
3.504138135912066900e+02 5.921933294444544152e-03
3.504312090346932109e+02 5.484682985898376231e-03
3.504486044781796181e+02 4.817259064890090647e-03
3.504659999216661390e+02 3.960143824271560899e-03
3.504833953651526031e+02 2.974101707991122587e-03
3.505007908086390103e+02 1.920541003516139204e-03
3.505181862521255312e+02 8.714199760535835644e-04
3.505355816956119384e+02 -1.116477442441490397e-04
3.505529771390984024e+02 -9.894507671347320486e-04
3.505703725825848664e+02 -1.732961686552428500e-03
3.505877680260713305e+02 -2.326340419587930464e-03
3.506051634695577377e+02 -2.765310069201485678e-03
3.506225589130442586e+02 -3.061292867680448070e-03
3.506399543565306658e+02 -3.237281572145500087e-03
3.506573498000171298e+02 -3.315558029040303282e-03
3.506747452435035939e+02 -3.310573167933865846e-03
3.506921406869900579e+02 -3.233497341115690055e-03
3.507095361304764651e+02 -3.083695661846961797e-03
3.507269315739629860e+02 -2.842090354228471016e-03
3.507443270174494501e+02 -2.478541681877908642e-03
3.507617224609358573e+02 -1.968482432059622585e-03
3.507791179044223782e+02 -1.282926276587091543e-03
3.507965133479087854e+02 -3.969717422086290609e-04
3.508139087913953063e+02 6.950065260195351872e-04
3.508313042348817135e+02 1.990096131383142005e-03
3.508486996783681775e+02 3.468724039958951798e-03
3.508660951218546415e+02 5.088269607646781281e-03
3.508834905653411056e+02 6.780609620271793071e-03
3.509008860088275128e+02 8.480457870507692245e-03
3.509182814523140337e+02 1.011267059025092521e-02
3.509356768958004977e+02 1.160083711359975733e-02
3.509530723392869049e+02 1.288545050604303008e-02
3.509704677827734258e+02 1.391190013279962855e-02
3.509878632262598330e+02 1.464713563970486063e-02
3.510052586697462971e+02 1.508471044725648302e-02
3.510226541132327611e+02 1.524019897361730651e-02
3.510400495567192252e+02 1.515471044582359685e-02
3.510574450002056324e+02 1.488331807014282686e-02
3.510748404436921533e+02 1.449544069929632230e-02
3.510922358871785605e+02 1.405808178221423614e-02
3.511096313306650245e+02 1.363446029593614467e-02
3.511270267741515454e+02 1.327189487980119653e-02
3.511444222176379526e+02 1.300865658116522224e-02
3.511618176611244735e+02 1.286290743044726792e-02
3.511792131046108807e+02 1.283941619607085506e-02
3.511966085480973447e+02 1.292451098507380568e-02
3.512140039915838088e+02 1.308665366316092392e-02
3.512313994350702728e+02 1.328601085187059404e-02
3.512487948785566800e+02 1.347483922956514701e-02
3.512661903220432009e+02 1.360822379333804892e-02
3.512835857655296081e+02 1.365291641108029932e-02
3.513009812090160722e+02 1.357037252142392729e-02
3.513183766525025362e+02 1.334547267090838672e-02
3.513357720959890003e+02 1.297354842046872375e-02
3.513531675394754075e+02 1.246624781176131243e-02
3.513705629829619284e+02 1.183561423336175998e-02
3.513879584264483924e+02 1.110384262879573862e-02
3.514053538699347996e+02 1.030101430565048999e-02
3.514227493134213205e+02 9.446179158549925653e-03
3.514401447569077277e+02 8.561072044559322677e-03
3.514575402003941917e+02 7.668261550925828396e-03
3.514749356438806558e+02 6.790758764999365107e-03
3.514923310873671198e+02 5.950362270174027086e-03
3.515097265308535839e+02 5.166342496607762708e-03
3.515271219743400479e+02 4.456635783125915268e-03
3.515445174178264551e+02 3.844417905996347536e-03
3.515619128613129760e+02 3.342065740336355121e-03
3.515793083047994401e+02 2.962287749215682629e-03
3.515967037482858473e+02 2.710736894873093644e-03
3.516140991917723682e+02 2.579176591681933781e-03
3.516314946352587754e+02 2.543126821327855707e-03
3.516488900787452394e+02 2.572056699569047304e-03
3.516662855222317035e+02 2.640593115085604781e-03
3.516836809657181675e+02 2.706607810622312527e-03
3.517010764092045747e+02 2.732822224336101113e-03
3.517184718526910956e+02 2.689705944860365430e-03
3.517358672961775028e+02 2.549076496399592818e-03
3.517532627396639668e+02 2.293920694411779888e-03
3.517706581831504877e+02 1.911802600030572093e-03
3.517880536266368949e+02 1.406060903181682430e-03
3.518054490701233590e+02 7.894828833955127613e-04
3.518228445136098230e+02 7.976916744804599037e-05
3.518402399570962871e+02 -6.913235513634039160e-04
3.518576354005827511e+02 -1.487898942774720573e-03
3.518750308440692152e+02 -2.273582356433806635e-03
3.518924262875556224e+02 -3.003518710298375399e-03
3.519098217310421433e+02 -3.636540472833314774e-03
3.519272171745285505e+02 -4.121552676753517490e-03
3.519446126180150145e+02 -4.410679371550267798e-03
3.519620080615014786e+02 -4.472737005731345153e-03
3.519794035049879426e+02 -4.277521672545558581e-03
3.519967989484743498e+02 -3.818469098540186544e-03
3.520141943919608707e+02 -3.116424909725853259e-03
3.520315898354473347e+02 -2.203363703956912577e-03
3.520489852789337419e+02 -1.138028384084609950e-03
3.520663807224202628e+02 1.495308243785623655e-05
3.520837761659066700e+02 1.181713068058493337e-03
3.521011716093931341e+02 2.275753708055744395e-03
3.521185670528795981e+02 3.240597931295747126e-03
3.521359624963660622e+02 4.021030959022295695e-03
3.521533579398524694e+02 4.604999087344193755e-03
3.521707533833389903e+02 5.005200544965781283e-03
3.521881488268253975e+02 5.246977710066296451e-03
3.522055442703119184e+02 5.366656261380613364e-03
3.522229397137983824e+02 5.409152701212865087e-03
3.522403351572847896e+02 5.431101034022428782e-03
3.522577306007713105e+02 5.484158452769318827e-03
3.522751260442577177e+02 5.600914352805040630e-03
3.522925214877441817e+02 5.790963663696989394e-03
3.523099169312306458e+02 6.046899993521275343e-03
3.523273123747171098e+02 6.351379070247457903e-03
3.523447078182035170e+02 6.666938800064556130e-03
3.523621032616900379e+02 6.952247939886475013e-03
3.523794987051764451e+02 7.166102541743107554e-03
3.523968941486629092e+02 7.271946367140925786e-03
3.524142895921494301e+02 7.250100024454187581e-03
3.524316850356358373e+02 7.095673235492110445e-03
3.524490804791223013e+02 6.824329132201785615e-03
3.524664759226087654e+02 6.452933458235533826e-03
3.524838713660952294e+02 6.009244776844857062e-03
3.525012668095816366e+02 5.528472806102022359e-03
3.525186622530681575e+02 5.059747944491223802e-03
3.525360576965545647e+02 4.642151647022705989e-03
3.525534531400410856e+02 4.291004335173913102e-03
3.525708485835274928e+02 4.023824494937334670e-03
3.525882440270139568e+02 3.851117190832597376e-03
3.526056394705004209e+02 3.760266467982952693e-03
3.526230349139868849e+02 3.752511904816768860e-03
