3.321503220712559710e+02 1.409430013280886951e-03
3.321677365754854918e+02 1.824852105233948363e-03
3.321851510797150695e+02 3.621844378435137759e-03
3.322025655839446472e+02 5.094558315378977173e-03
3.322199800881741680e+02 6.095937044343703246e-03
3.322373945924037457e+02 6.612002884884921050e-03
3.322548090966333234e+02 6.684503309965775762e-03
3.322722236008629011e+02 6.387926268965035508e-03
3.322896381050924219e+02 5.782276770132825823e-03
3.323070526093219996e+02 4.971313951085407253e-03
3.323244671135515773e+02 4.035689532194230815e-03
3.323418816177811550e+02 3.029349416216338062e-03
3.323592961220106758e+02 1.994492738142092641e-03
3.323767106262402535e+02 9.699595689428000458e-04
3.323941251304698312e+02 -2.449982826047799854e-05
3.324115396346994089e+02 -9.841211690383481168e-04
3.324289541389289298e+02 -1.905114867554713251e-03
3.324463686431585074e+02 -2.784343953983888301e-03
3.324637831473880283e+02 -3.621719520930162962e-03
3.324811976516175491e+02 -4.411809721105739400e-03
3.324986121558471268e+02 -5.158919099126672674e-03
3.325160266600767045e+02 -5.861349670523911641e-03
3.325334411643062822e+02 -6.517616693580636882e-03
3.325508556685358030e+02 -7.135665429283916811e-03
3.325682701727653807e+02 -7.722463601319997858e-03
3.325856846769949584e+02 -8.289406302483840958e-03
3.326030991812245361e+02 -8.843600519114445946e-03
3.326205136854540569e+02 -9.390617647965086509e-03
3.326379281896836346e+02 -9.927169189305693961e-03
3.326553426939132123e+02 -1.045217270996615273e-02
3.326727571981427332e+02 -1.095649180333749077e-02
3.326901717023723108e+02 -1.142918234902882101e-02
3.327075862066018885e+02 -1.186064387739886941e-02
3.327250007108314662e+02 -1.222780886355356693e-02
3.327424152150609871e+02 -1.251417059286524976e-02
3.327598297192905648e+02 -1.270265484539415471e-02
3.327772442235201424e+02 -1.277432565037654906e-02
3.327946587277497201e+02 -1.270566443184337896e-02
3.328120732319792410e+02 -1.248920252161881024e-02
3.328294877362088187e+02 -1.212101202833952562e-02
3.328469022404383963e+02 -1.161655499334827285e-02
3.328643167446679172e+02 -1.099445413166912945e-02
3.328817312488974949e+02 -1.027658280609031194e-02
3.328991457531270726e+02 -9.485215073591927656e-03
3.329165602573566503e+02 -8.658069019880799272e-03
3.329339747615861711e+02 -7.826123769127567992e-03
3.329513892658157488e+02 -7.020555784959461518e-03
3.329688037700453265e+02 -6.274171589965333792e-03
3.329862182742749042e+02 -5.601425766425272360e-03
3.330036327785044250e+02 -5.014658248440534601e-03
3.330210472827340027e+02 -4.538266448312368133e-03
3.330384617869635804e+02 -4.181211781774576280e-03
3.330558762911930444e+02 -3.944712669855959288e-03
3.330732907954226221e+02 -3.832305812329744529e-03
3.330907052996521998e+02 -3.848469900999451025e-03
3.331081198038817774e+02 -3.987829893009402563e-03
3.331255343081112983e+02 -4.226856697573181700e-03
3.331429488123408760e+02 -4.551725083022381893e-03
3.331603633165704537e+02 -4.941879625890861424e-03
3.331777778208000313e+02 -5.373518713674029466e-03
3.331951923250295522e+02 -5.820048674639174795e-03
3.332126068292591299e+02 -6.265910044396428777e-03
3.332300213334887076e+02 -6.708700052280534669e-03
3.332474358377182853e+02 -7.156038409402665397e-03
3.332648503419478061e+02 -7.625700317627507642e-03
3.332822648461773838e+02 -8.154830101272653523e-03
3.332996793504069615e+02 -8.782213512468124011e-03
3.333170938546364823e+02 -9.531370116476978183e-03
3.333345083588660600e+02 -1.042945812472345461e-02
3.333519228630956377e+02 -1.148191115918060362e-02
3.333693373673252154e+02 -1.266050207737269735e-02
3.333867518715547362e+02 -1.392839300995739327e-02
3.334041663757843139e+02 -1.522516467652834833e-02
3.334215808800138916e+02 -1.647650659833239245e-02
3.334389953842434693e+02 -1.759822507047817744e-02
3.334564098884729901e+02 -1.849619888643416407e-02
3.334738243927025678e+02 -1.909209470840471379e-02
3.334912388969321455e+02 -1.933155485789031167e-02
3.335086534011616664e+02 -1.919412999359637953e-02
3.335260679053912440e+02 -1.868243099258462894e-02
3.335434824096208217e+02 -1.782667954159715754e-02
3.335608969138503994e+02 -1.667583746274394624e-02
3.335783114180799203e+02 -1.530078913518975389e-02
3.335957259223094979e+02 -1.378420349450964165e-02
3.336131404265390756e+02 -1.220990798779704456e-02
3.336305549307686533e+02 -1.065216345033510523e-02
3.336479694349981173e+02 -9.176523284684923870e-03
3.336653839392276950e+02 -7.838633744798699510e-03
3.336827984434572727e+02 -6.668134778000538165e-03
3.337002129476867935e+02 -5.674804809865778912e-03
3.337176274519163712e+02 -4.857547482291598405e-03
3.337350419561459489e+02 -4.198538963891248858e-03
3.337524564603755266e+02 -3.672359467639070736e-03
3.337698709646050474e+02 -3.252541380138536387e-03
3.337872854688346251e+02 -2.904392859348678153e-03
3.338046999730642028e+02 -2.612343231312408941e-03
3.338221144772937805e+02 -2.357537919557865878e-03
3.338395289815233014e+02 -2.122519996529599520e-03
3.338569434857528790e+02 -1.908714191705070378e-03
3.338743579899824567e+02 -1.714210883774861969e-03
3.338917724942119776e+02 -1.548795554722564270e-03
3.339091869984415553e+02 -1.413770982821361795e-03
3.339266015026711329e+02 -1.311282570184272829e-03
3.339440160069007106e+02 -1.238299436602611266e-03
3.339614305111302315e+02 -1.208187153560971771e-03
3.339788450153598092e+02 -1.229393022396350899e-03
3.339962595195893869e+02 -1.292672446023379607e-03
3.340136740238189645e+02 -1.393343315415962675e-03
3.340310885280484854e+02 -1.524700191395278459e-03
3.340485030322780631e+02 -1.683799412529686772e-03
3.340659175365076408e+02 -1.863988627151575914e-03
3.340833320407372184e+02 -2.053680659955615766e-03
3.341007465449667393e+02 -2.239578347113341424e-03
3.341181610491963170e+02 -2.391729029870152783e-03
3.341355755534258947e+02 -2.504397579524334123e-03
3.341529900576554155e+02 -2.560095673868236030e-03
3.341704045618849932e+02 -2.545010528971767758e-03
3.341878190661145709e+02 -2.464086051089979783e-03
3.342052335703441486e+02 -2.335721967591438200e-03
3.342226480745736694e+02 -2.187184772516166491e-03
3.342400625788031903e+02 -2.044952915971185673e-03
3.342574770830327680e+02 -1.954402268541162880e-03
3.342748915872623456e+02 -1.950408293405900967e-03
3.342923060914918665e+02 -2.067415627996302928e-03
3.343097205957214442e+02 -2.331057748382990655e-03
3.343271350999510219e+02 -2.751366706272813118e-03
3.343445496041805427e+02 -3.325446652451695233e-03
3.343619641084101204e+02 -4.041664043175487858e-03
3.343793786126396981e+02 -4.866137583995406267e-03
3.343967931168692758e+02 -5.775179399871654094e-03
3.344142076210987966e+02 -6.735879094573563562e-03
3.344316221253283743e+02 -7.706486578332084718e-03
3.344490366295579520e+02 -8.661300038401358731e-03
3.344664511337875297e+02 -9.580477110987625777e-03
3.344838656380170505e+02 -1.044534854802691218e-02
3.345012801422466282e+02 -1.125247750325465701e-02
3.345186946464762059e+02 -1.200786173692590039e-02
3.345361091507057267e+02 -1.270942500522586303e-02
3.345535236549353044e+02 -1.337501004530326776e-02
3.345709381591648821e+02 -1.401661570469681962e-02
3.345883526633944598e+02 -1.461700918761055755e-02
3.346057671676239806e+02 -1.519810042108386827e-02
3.346231816718535583e+02 -1.575784895093363877e-02
3.346405961760831360e+02 -1.629271436367455209e-02
3.346580106803127137e+02 -1.680528707113689360e-02
3.346754251845422345e+02 -1.728919963072812413e-02
3.346928396887718122e+02 -1.772775511173415100e-02
3.347102541930013899e+02 -1.810713609037805163e-02
3.347276686972309676e+02 -1.840566983036096352e-02
3.347450832014604885e+02 -1.859757122526087963e-02
3.347624977056900661e+02 -1.864501294189564382e-02
3.347799122099196438e+02 -1.851198755827766079e-02
3.347973267141491647e+02 -1.817292252673365777e-02
3.348147412183787424e+02 -1.759453519154301204e-02
3.348321557226083200e+02 -1.675793708724679365e-02
3.348495702268378409e+02 -1.566718374129787150e-02
3.348669847310673617e+02 -1.435593484130738388e-02
3.348843992352969394e+02 -1.286241267302851328e-02
3.349018137395265171e+02 -1.125136306939204800e-02
3.349192282437560948e+02 -9.599226229825310458e-03
3.349366427479856156e+02 -8.000572627884021751e-03
3.349540572522151933e+02 -6.548630771466092994e-03
3.349714717564447710e+02 -5.317429502334774724e-03
3.349888862606742919e+02 -4.371276358564039032e-03
3.350063007649038695e+02 -3.752750584979070835e-03
3.350237152691334472e+02 -3.473037984353295922e-03
3.350411297733630249e+02 -3.521985669990363582e-03
3.350585442775925458e+02 -3.860940913132275294e-03
3.350759587818221235e+02 -4.434147666176461479e-03
3.350933732860517011e+02 -5.174409122422277650e-03
3.351107877902812788e+02 -6.018809875907342281e-03
3.351282022945107997e+02 -6.897953448308223948e-03
3.351456167987403774e+02 -7.758192667181233564e-03
3.351630313029699550e+02 -8.555960963185626350e-03
3.351804458071994759e+02 -9.246763756099129344e-03
3.351978603114290536e+02 -9.813631183129948449e-03
3.352152748156586313e+02 -1.024325798177232703e-02
3.352326893198882090e+02 -1.052487289279225441e-02
3.352501038241177298e+02 -1.065708972404978520e-02
3.352675183283473075e+02 -1.064038043180743492e-02
3.352849328325768852e+02 -1.048254477687060766e-02
3.353023473368064629e+02 -1.019567200115809730e-02
3.353197618410359837e+02 -9.798516231231783891e-03
3.353371763452655614e+02 -9.310873230018352348e-03
3.353545908494951391e+02 -8.772102227944477901e-03
3.353720053537246599e+02 -8.224174432815402336e-03
3.353894198579542376e+02 -7.699770026481242424e-03
3.354068343621838153e+02 -7.246449819177247162e-03
3.354242488664133361e+02 -6.895982709420163392e-03
3.354416633706428570e+02 -6.671704198152289371e-03
3.354590778748724347e+02 -6.583640678319444862e-03
3.354764923791020124e+02 -6.621528866898784317e-03
3.354939068833315901e+02 -6.754254425642521563e-03
3.355113213875611109e+02 -6.948803591418355186e-03
3.355287358917906886e+02 -7.171032989891678970e-03
3.355461503960202663e+02 -7.396852869676286482e-03
3.355635649002497871e+02 -7.587781709849194221e-03
3.355809794044793648e+02 -7.714648252308811162e-03
3.355983939087089425e+02 -7.765985943784366186e-03
3.356158084129385202e+02 -7.735005524193873730e-03
3.356332229171680410e+02 -7.624113943713969888e-03
3.356506374213976187e+02 -7.444496455660194571e-03
3.356680519256271964e+02 -7.222384033354104296e-03
3.356854664298567741e+02 -6.981512602498563674e-03
3.357028809340862949e+02 -6.747887382802538955e-03
3.357202954383158726e+02 -6.550965186486756332e-03
3.357377099425454503e+02 -6.418718388406971856e-03
3.357551244467750280e+02 -6.377411191959543244e-03
3.357725389510045488e+02 -6.443733184180043712e-03
3.357899534552341265e+02 -6.622821755447538816e-03
3.358073679594637042e+02 -6.916143608183451114e-03
3.358247824636932251e+02 -7.319931680690424172e-03
3.358421969679228027e+02 -7.810239351414853884e-03
3.358596114721523804e+02 -8.356973143008709221e-03
3.358770259763819581e+02 -8.927301910002237093e-03
3.358944404806114790e+02 -9.476588568316167763e-03
3.359118549848410566e+02 -9.967122584680587066e-03
3.359292694890706343e+02 -1.036576616717320952e-02
3.359466839933002120e+02 -1.064173375799512891e-02
3.359640984975297329e+02 -1.077299551457915582e-02
3.359815130017593106e+02 -1.074632753413416221e-02
3.359989275059888882e+02 -1.056528915109711253e-02
3.360163420102184091e+02 -1.023887734647156364e-02
3.360337565144479299e+02 -9.789303244197437512e-03
3.360511710186775076e+02 -9.249590366842797701e-03
3.360685855229070853e+02 -8.656303197043961617e-03
3.360860000271366061e+02 -8.049046513680598730e-03
3.361034145313661838e+02 -7.466725650138396689e-03
3.361208290355957615e+02 -6.948934335445695019e-03
3.361382435398253392e+02 -6.526135431059511618e-03
3.361556580440548601e+02 -6.222777002059288153e-03
3.361730725482844377e+02 -6.058940004738836566e-03
3.361904870525140154e+02 -6.038854709744061883e-03
3.362079015567435363e+02 -6.151946313144303173e-03
3.362253160609731140e+02 -6.378374178730063758e-03
3.362427305652026917e+02 -6.696974278178600450e-03
3.362601450694322693e+02 -7.084088884602098707e-03
3.362775595736617902e+02 -7.505146216904295606e-03
3.362949740778913679e+02 -7.928212861431133476e-03
3.363123885821209456e+02 -8.320733369154450360e-03
3.363298030863505232e+02 -8.669016402438235389e-03
3.363472175905800441e+02 -8.971057743269764476e-03
3.363646320948096218e+02 -9.222718359600369856e-03
3.363820465990391995e+02 -9.427313434919176727e-03
3.363994611032687772e+02 -9.597708713649164003e-03
3.364168756074982980e+02 -9.747323973909538530e-03
3.364342901117278757e+02 -9.886149603681714318e-03
3.364517046159574534e+02 -1.001722282837685073e-02
3.364691191201869742e+02 -1.014459989841407471e-02
3.364865336244165519e+02 -1.026854883008563452e-02
3.365039481286461296e+02 -1.037920345540997366e-02
3.365213626328757073e+02 -1.046081730586776240e-02
3.365387771371052281e+02 -1.049732577085633715e-02
3.365561916413348058e+02 -1.047147724935388637e-02
3.365736061455643835e+02 -1.036515812926295903e-02
3.365910206497939612e+02 -1.014984230404108664e-02
3.366084351540234820e+02 -9.812168997238154486e-03
3.366258496582530029e+02 -9.348783765839375690e-03
3.366432641624825806e+02 -8.748004485099781721e-03
3.366606786667121014e+02 -8.013745547845755809e-03
3.366780931709416791e+02 -7.168937478735111675e-03
3.366955076751712568e+02 -6.227753711502308394e-03
3.367129221794008345e+02 -5.214299518566726382e-03
3.367303366836303553e+02 -4.166016892964755775e-03
3.367477511878599330e+02 -3.120735958656044653e-03
3.367651656920895107e+02 -2.112339062917010114e-03
3.367825801963190884e+02 -1.165829025713801485e-03
3.367999947005486092e+02 -3.072896219663713959e-04
3.368174092047781869e+02 4.459807435886738256e-04
3.368348237090077646e+02 1.078085194607568235e-03
3.368522382132372854e+02 1.580679096387427535e-03
3.368696527174668631e+02 1.955365703827248360e-03
3.368870672216964408e+02 2.209902454115763790e-03
3.369044817259260185e+02 2.344303907101279779e-03
3.369218962301555393e+02 2.358161354144302970e-03
3.369393107343851170e+02 2.255967271862474154e-03
3.369567252386146947e+02 2.055903512329236744e-03
3.369741397428442724e+02 1.768647529833222579e-03
3.369915542470737932e+02 1.405241455478058697e-03
3.370089687513033709e+02 9.822234442613180048e-04
3.370263832555329486e+02 5.175185742128210779e-04
3.370437977597624695e+02 3.218674174236535717e-05
3.370612122639920472e+02 -4.638226541863507799e-04
3.370786267682216248e+02 -9.602052030110889503e-04
3.370960412724512025e+02 -1.452955680714605692e-03
3.371134557766807234e+02 -1.937958354762047038e-03
3.371308702809103011e+02 -2.419061669265653008e-03
3.371482847851398787e+02 -2.907995336533631715e-03
3.371656992893694564e+02 -3.415161333451466850e-03
3.371831137935989773e+02 -3.950824164318989321e-03
3.372005282978285550e+02 -4.532491920159305993e-03
3.372179428020581327e+02 -5.158817246127128664e-03
3.372353573062876535e+02 -5.833500616422339531e-03
3.372527718105171743e+02 -6.542889309302300435e-03
3.372701863147467520e+02 -7.272502458705098344e-03
3.372876008189763297e+02 -8.004151128746290686e-03
3.373050153232058506e+02 -8.699799329865946437e-03
3.373224298274354283e+02 -9.315627451051624805e-03
3.373398443316650059e+02 -9.825196111330510365e-03
3.373572588358945836e+02 -1.020557117515700010e-02
3.373746733401241045e+02 -1.043559215381625709e-02
3.373920878443536822e+02 -1.049547503650897010e-02
3.374095023485832598e+02 -1.039499142714555256e-02
3.374269168528128375e+02 -1.016665735249048901e-02
3.374443313570423584e+02 -9.837765717393927301e-03
3.374617458612719361e+02 -9.450684078721330664e-03
3.374791603655015138e+02 -9.060117806236079110e-03
3.374965748697310346e+02 -8.720840795216363781e-03
3.375139893739606123e+02 -8.472971637341364728e-03
3.375314038781901900e+02 -8.343938820324582964e-03
3.375488183824197677e+02 -8.342002402705555805e-03
3.375662328866492885e+02 -8.460892336768341751e-03
3.375836473908788662e+02 -8.668710779690315393e-03
3.376010618951084439e+02 -8.919496830034439466e-03
3.376184763993380216e+02 -9.159634768193357715e-03
3.376358909035675424e+02 -9.344005674355936389e-03
3.376533054077971201e+02 -9.427824053373985366e-03
3.376707199120266978e+02 -9.372319771815318737e-03
3.376881344162562186e+02 -9.152171442411108360e-03
3.377055489204857963e+02 -8.775673454508380045e-03
3.377229634247153740e+02 -8.270042651564689373e-03
3.377403779289449517e+02 -7.678812628126990662e-03
3.377577924331744725e+02 -7.050625791329132898e-03
3.377752069374040502e+02 -6.439006351954847801e-03
3.377926214416336279e+02 -5.895619798318155885e-03
3.378100359458631488e+02 -5.470997788476334583e-03
3.378274504500926696e+02 -5.202416057948705368e-03
3.378448649543222473e+02 -5.094651923586001468e-03
3.378622794585518250e+02 -5.149548824052263378e-03
3.378796939627813458e+02 -5.360478847007372344e-03
3.378971084670109235e+02 -5.695844312814089989e-03
3.379145229712405012e+02 -6.126696304421624245e-03
3.379319374754700789e+02 -6.628353154272829777e-03
3.379493519796995997e+02 -7.166266137994201264e-03
3.379667664839291774e+02 -7.715297316355435205e-03
3.379841809881587551e+02 -8.251937255175229025e-03
3.380015954923883328e+02 -8.759134413668325306e-03
3.380190099966178536e+02 -9.227793539067431078e-03
3.380364245008474313e+02 -9.670066961006884912e-03
3.380538390050770090e+02 -1.008320447174890222e-02
3.380712535093065867e+02 -1.046632121887566477e-02
3.380886680135361075e+02 -1.082360219523099618e-02
3.381060825177656852e+02 -1.114899643822937249e-02
3.381234970219952629e+02 -1.143867737540563319e-02
3.381409115262247838e+02 -1.170162688500134447e-02
3.381583260304543614e+02 -1.193690516637268238e-02
3.381757405346839391e+02 -1.214141106193148203e-02
3.381931550389135168e+02 -1.230425662112110546e-02
3.382105695431430377e+02 -1.241592029239107532e-02
3.382279840473726154e+02 -1.247226547438137767e-02
3.382453985516021930e+02 -1.247321432319968039e-02
3.382628130558317707e+02 -1.242285192404120851e-02
3.382802275600612916e+02 -1.231691207471344134e-02
3.382976420642908693e+02 -1.216344742896441518e-02
3.383150565685204469e+02 -1.197320018611232849e-02
3.383324710727499678e+02 -1.175040932760259248e-02
3.383498855769795455e+02 -1.148755342824701355e-02
3.383673000812091232e+02 -1.118855967962504618e-02
3.383847145854387009e+02 -1.086086154330590144e-02
3.384021290896682217e+02 -1.050348480610460711e-02
3.384195435938977425e+02 -1.010756322463803904e-02
3.384369580981273202e+02 -9.681307953210193176e-03
3.384543726023568979e+02 -9.235975174146210040e-03
3.384717871065864188e+02 -8.773924106114817240e-03
3.384892016108159964e+02 -8.305590925310159939e-03
3.385066161150455741e+02 -7.844199727396946112e-03
3.385240306192750950e+02 -7.404826729817807519e-03
3.385414451235046727e+02 -6.999460586347538114e-03
3.385588596277342504e+02 -6.638952812727656055e-03
3.385762741319638280e+02 -6.331147234204088925e-03
3.385936886361933489e+02 -6.075393602401508129e-03
3.386111031404229266e+02 -5.865738053442600720e-03
3.386285176446525043e+02 -5.705537155424185783e-03
3.386459321488820819e+02 -5.586723191354556368e-03
3.386633466531116028e+02 -5.501713654996688921e-03
3.386807611573411805e+02 -5.446537013057177294e-03
3.386981756615707582e+02 -5.415850286828845228e-03
3.387155901658003359e+02 -5.402722996082620459e-03
3.387330046700298567e+02 -5.410000140749875175e-03
3.387504191742594344e+02 -5.431853441604141651e-03
3.387678336784890121e+02 -5.461641143179718667e-03
3.387852481827185329e+02 -5.498290840623289155e-03
3.388026626869481106e+02 -5.536131537290134817e-03
3.388200771911776883e+02 -5.544313717131352931e-03
3.388374916954072660e+02 -5.514049445753171387e-03
3.388549061996367868e+02 -5.427871473115181492e-03
3.388723207038663645e+02 -5.280126928833306713e-03
3.388897352080959422e+02 -5.064536104575682873e-03
3.389071497123255199e+02 -4.779101579738122101e-03
3.389245642165550407e+02 -4.436288470857870959e-03
3.389419787207846184e+02 -4.051347803122949502e-03
3.389593932250141961e+02 -3.632985546036241863e-03
3.389768077292437169e+02 -3.197484115573269274e-03
3.389942222334732946e+02 -2.764395056467688384e-03
3.390116367377028155e+02 -2.354109471828244073e-03
3.390290512419323932e+02 -1.962754115913733187e-03
3.390464657461619140e+02 -1.588117376382670257e-03
3.390638802503914917e+02 -1.227878870035601028e-03
3.390812947546210694e+02 -8.647430779241663170e-04
3.390987092588506471e+02 -4.769105453099187881e-04
3.391161237630801679e+02 -5.042817248327038866e-05
3.391335382673097456e+02 4.112129985091577278e-04
3.391509527715393233e+02 9.095076296792720940e-04
3.391683672757688441e+02 1.437018206680051521e-03
3.391857817799984218e+02 1.958777192883155282e-03
3.392031962842279995e+02 2.443817815196805063e-03
3.392206107884575772e+02 2.854660745582984858e-03
3.392380252926870980e+02 3.149258860850755529e-03
3.392554397969166757e+02 3.287039005478279569e-03
3.392728543011462534e+02 3.246882238034106728e-03
3.392902688053758311e+02 3.022833305354256147e-03
3.393076833096053520e+02 2.623464602063420217e-03
3.393250978138349296e+02 2.065864715210911483e-03
3.393425123180645073e+02 1.391389767283930223e-03
3.393599268222940282e+02 6.418400553829592533e-04
3.393773413265236059e+02 -1.344899593956947847e-04
3.393947558307531835e+02 -8.989294267141281422e-04
3.394121703349827612e+02 -1.606246872908350613e-03
3.394295848392122821e+02 -2.227663969478039033e-03
3.394469993434418598e+02 -2.737619295740371158e-03
3.394644138476714375e+02 -3.121899518582459988e-03
3.394818283519010151e+02 -3.370835718156643939e-03
3.394992428561305360e+02 -3.474554126434423618e-03
3.395166573603601137e+02 -3.426626336455898189e-03
3.395340718645896914e+02 -3.231483714750880282e-03
3.395514863688192690e+02 -2.889682415455216424e-03
3.395689008730487899e+02 -2.396845382191068602e-03
3.395863153772783676e+02 -1.758407798689516242e-03
3.396037298815078884e+02 -9.801429949889207179e-04
3.396211443857374093e+02 -6.261780488658475060e-05
3.396385588899669870e+02 9.723766171999434450e-04
3.396559733941965646e+02 2.100994623111942378e-03
3.396733878984261423e+02 3.289756078787547684e-03
3.396908024026556632e+02 4.501272925186792367e-03
3.397082169068852409e+02 5.710593276343079415e-03
3.397256314111148185e+02 6.873820132435441189e-03
3.397430459153443962e+02 7.956254331836680807e-03
3.397604604195739171e+02 8.936759255813461408e-03
3.397778749238034948e+02 9.791950206916833280e-03
3.397952894280330725e+02 1.051071785041599906e-02
3.398127039322625933e+02 1.108026738532780220e-02
3.398301184364921710e+02 1.149441129219620078e-02
3.398475329407217487e+02 1.175357160229919228e-02
3.398649474449513264e+02 1.185401007213782339e-02
3.398823619491808472e+02 1.179909601304866482e-02
3.398997764534104249e+02 1.159610974712387173e-02
3.399171909576400026e+02 1.124864654643770515e-02
3.399346054618695803e+02 1.076365317545727000e-02
3.399520199660991011e+02 1.015856392279307005e-02
3.399694344703286788e+02 9.462369108314081650e-03
3.399868489745582565e+02 8.687170886361887667e-03
3.400042634787877773e+02 7.859592287758100648e-03
3.400216779830173550e+02 7.015717407167785906e-03
3.400390924872469327e+02 6.194938800909181517e-03
3.400565069914765104e+02 5.441395187391761742e-03
3.400739214957060312e+02 4.798579080206758635e-03
3.400913359999356089e+02 4.310506000512392619e-03
3.401087505041651866e+02 4.008904085980463834e-03
3.401261650083947643e+02 3.915886412940084403e-03
3.401435795126242851e+02 4.045706632602293941e-03
3.401609940168538628e+02 4.394132889315258833e-03
3.401784085210834405e+02 4.940543523787198008e-03
3.401958230253129045e+02 5.657218642353899554e-03
3.402132375295424822e+02 6.510762020749724655e-03
3.402306520337720599e+02 7.451010384462596406e-03
3.402480665380016376e+02 8.441839163818109712e-03
3.402654810422311584e+02 9.450768096346300745e-03
3.402828955464607361e+02 1.045051955054535422e-02
3.403003100506903138e+02 1.141647592056940254e-02
3.403177245549198915e+02 1.234154596891493504e-02
3.403351390591494123e+02 1.322386970553780620e-02
3.403525535633789900e+02 1.406326376633747731e-02
3.403699680676085677e+02 1.487540370521468584e-02
3.403873825718381454e+02 1.566936651690410687e-02
3.404047970760676662e+02 1.645361967479822690e-02
3.404222115802972439e+02 1.724478906830167330e-02
3.404396260845268216e+02 1.804900762297466377e-02
3.404570405887563425e+02 1.886829043441812931e-02
3.404744550929859201e+02 1.969625943989665798e-02
3.404918695972154978e+02 2.052830533882699787e-02
3.405092841014450755e+02 2.136957725112061460e-02
3.405266986056745964e+02 2.221727216640000460e-02
3.405441131099041741e+02 2.307667233336859608e-02
3.405615276141337517e+02 2.395692734155310810e-02
3.405789421183633294e+02 2.486949104076640119e-02
3.405963566225928503e+02 2.583599664484427863e-02
3.406137711268224280e+02 2.686516193354128793e-02
3.406311856310520056e+02 2.795822242411089009e-02
3.406486001352815265e+02 2.911313013056709628e-02
3.406660146395111042e+02 3.031371228208407445e-02
3.406834291437406819e+02 3.154513175544085279e-02
3.407008436479702596e+02 3.277520873554466696e-02
3.407182581521997804e+02 3.397148316850009259e-02
3.407356726564293581e+02 3.509286640995222528e-02
3.407530871606589358e+02 3.610711170260311187e-02
3.407705016648885135e+02 3.699686285048987833e-02
3.407879161691180343e+02 3.774617837977180951e-02
3.408053306733475551e+02 3.835560756204740851e-02
3.408227451775771328e+02 3.884238057238000030e-02
3.408401596818066537e+02 3.923157053927237015e-02
3.408575741860362314e+02 3.956780531633261044e-02
3.408749886902658091e+02 3.988687566716298677e-02
3.408924031944953867e+02 4.023616761337485415e-02
3.409098176987249076e+02 4.065220456111109243e-02
3.409272322029544853e+02 4.116561968083366774e-02
3.409446467071840630e+02 4.179718488397208415e-02
3.409620612114136406e+02 4.254443153499293251e-02
3.409794757156431615e+02 4.339425133445354299e-02
3.409968902198727392e+02 4.433392657307692192e-02
3.410143047241023169e+02 4.533146631502114887e-02
3.410317192283318377e+02 4.635127112070182298e-02
3.410491337325614154e+02 4.735814696934091683e-02
3.410665482367909931e+02 4.832818513257251120e-02
3.410839627410205708e+02 4.926034308813053569e-02
3.411013772452500916e+02 5.016543135274467713e-02
3.411187917494796693e+02 5.106614494581567659e-02
3.411362062537092470e+02 5.200214364232291081e-02
3.411536207579388247e+02 5.302773231763945744e-02
3.411710352621683455e+02 5.419388567953713209e-02
3.411884497663979232e+02 5.554734700168463546e-02
3.412058642706275009e+02 5.712125086476025487e-02
3.412232787748570786e+02 5.893488506668058402e-02
3.412406932790865994e+02 6.099159867262012730e-02
3.412581077833161771e+02 6.327701638486471492e-02
3.412755222875457548e+02 6.575227259179045047e-02
3.412929367917752757e+02 6.836666065896390698e-02
3.413103512960048533e+02 7.107070021267727911e-02
3.413277658002344310e+02 7.381661931181814074e-02
3.413451803044640087e+02 7.656536972239247341e-02
3.413625948086935296e+02 7.929597433630777847e-02
3.413800093129230504e+02 8.199868238432227174e-02
3.413974238171526281e+02 8.469509149518342217e-02
3.414148383213822058e+02 8.742758540284226165e-02
3.414322528256117266e+02 9.025217466885138151e-02
3.414496673298413043e+02 9.324444056229697075e-02
3.414670818340708820e+02 9.647714183610485439e-02
3.414844963383004028e+02 1.000388526469927486e-01
3.415019108425299805e+02 1.040130318723903047e-01
3.415193253467595582e+02 1.084805842315415131e-01
3.415367398509891359e+02 1.135234878677413017e-01
3.415541543552186567e+02 1.192095366072150747e-01
3.415715688594482344e+02 1.256034390423831637e-01
3.415889833636778121e+02 1.327560142335063587e-01
3.416063978679073898e+02 1.407084325726737639e-01
3.416238123721369107e+02 1.495010433242212333e-01
3.416412268763664883e+02 1.591622129090331517e-01
3.416586413805960660e+02 1.696958662845840238e-01
3.416760558848255869e+02 1.811003945017646000e-01
3.416934703890551646e+02 1.933980302373257687e-01
3.417108848932847422e+02 2.065879714004218992e-01
3.417282993975143199e+02 2.206198724671208367e-01
3.417457139017438408e+02 2.354620795257496846e-01
3.417631284059734185e+02 2.511177505220132944e-01
3.417805429102029962e+02 2.675684237171304658e-01
3.417979574144325738e+02 2.847548624552517782e-01
3.418153719186620947e+02 3.025868707191810003e-01
3.418327864228916724e+02 3.209519871316166562e-01
3.418502009271212501e+02 3.397224101366262961e-01
3.418676154313508277e+02 3.587442397675961736e-01
3.418850299355803486e+02 3.778073362244548372e-01
3.419024444398099263e+02 3.966389131075544472e-01
3.419198589440395040e+02 4.149141056620712642e-01
3.419372734482690248e+02 4.322250253146964205e-01
3.419546879524986025e+02 4.481011241811879153e-01
3.419721024567281802e+02 4.620301257271006157e-01
3.419895169609577010e+02 4.734390947587431286e-01
3.420069314651872219e+02 4.817179075432758695e-01
3.420243459694167996e+02 4.862483736075949858e-01
3.420417604736463772e+02 4.864196369152757882e-01
3.420591749778759549e+02 4.816713930299076352e-01
3.420765894821054758e+02 4.715269651818363994e-01
3.420940039863350535e+02 4.556226078943375613e-01
3.421114184905646312e+02 4.337249356194705641e-01
3.421288329947941520e+02 4.057563450512126080e-01
3.421462474990237297e+02 3.717939182390971875e-01
3.421636620032533074e+02 3.320655301583657626e-01
3.421810765074828851e+02 2.869571788698055959e-01
3.421984910117124059e+02 2.370063650699814062e-01
3.422159055159419836e+02 1.828965315372933775e-01
3.422333200201715613e+02 1.254362253724206344e-01
3.422507345244011390e+02 6.559147286494154683e-02
3.422681490286306598e+02 4.514275527176934803e-03
3.422855635328602375e+02 -5.668246187655469337e-02
3.423029780370898152e+02 -1.170389783418777085e-01
3.423203925413193360e+02 -1.755417971186282733e-01
3.423378070455489137e+02 -2.311313332522119957e-01
3.423552215497784914e+02 -2.829188872656877574e-01
3.423726360540080691e+02 -3.302015207728472013e-01
3.423900505582375899e+02 -3.724414798060698417e-01
3.424074650624671676e+02 -4.092610543546449375e-01
3.424248795666967453e+02 -4.404373795641488010e-01
3.424422940709263230e+02 -4.658970233486173229e-01
3.424597085751558438e+02 -4.857020550006460602e-01
3.424771230793854215e+02 -5.000381716962064571e-01
3.424945375836149992e+02 -5.092052899479292405e-01
3.425119520878445201e+02 -5.135803630847242118e-01
3.425293665920740978e+02 -5.135774508327844989e-01
3.425467810963036754e+02 -5.096423807130415762e-01
3.425641956005332531e+02 -5.022495942535515345e-01
3.425816101047627171e+02 -4.918916921110269014e-01
3.425990246089922948e+02 -4.790581301258258207e-01
3.426164391132218725e+02 -4.642216434153346727e-01
3.426338536174514502e+02 -4.478384990364873142e-01
3.426512681216809710e+02 -4.303602214244970914e-01
3.426686826259105487e+02 -4.121531537191913119e-01
3.426860971301401264e+02 -3.934927021702114280e-01
3.427035116343697041e+02 -3.746704978317640933e-01
3.427209261385992249e+02 -3.559617680785247540e-01
3.427383406428288026e+02 -3.375451795920383913e-01
3.427557551470583803e+02 -3.195710373658713910e-01
3.427731696512879012e+02 -3.021725825918208930e-01
3.427905841555174788e+02 -2.854131768924984547e-01
3.428079986597470565e+02 -2.693098846070248187e-01
3.428254131639766342e+02 -2.538891495794728947e-01
3.428428276682061551e+02 -2.391758061423669146e-01
3.428602421724357328e+02 -2.251655234074858847e-01
3.428776566766653104e+02 -2.118400284208435680e-01
3.428950711808948881e+02 -1.991783172283222714e-01
3.429124856851244090e+02 -1.871739505856494790e-01
3.429299001893539867e+02 -1.758294066682521972e-01
3.429473146935835643e+02 -1.651477360399793148e-01
3.429647291978130852e+02 -1.551245385795060328e-01
3.429821437020426629e+02 -1.457496414309938648e-01
3.429995582062722406e+02 -1.370093855636784486e-01
3.430169727105018183e+02 -1.288980594055048612e-01
3.430343872147313391e+02 -1.214183980888393216e-01
3.430518017189609168e+02 -1.145609074523308707e-01
3.430692162231904945e+02 -1.083056660335333099e-01
3.430866307274200722e+02 -1.026299374918367424e-01
3.431040452316495930e+02 -9.748776531598098150e-02
3.431214597358791707e+02 -9.282544896922309552e-02
3.431388742401087484e+02 -8.858049064587530941e-02
3.431562887443382692e+02 -8.468616558330954724e-02
3.431737032485678469e+02 -8.107887071702868376e-02
3.431911177527973678e+02 -7.770091689191581386e-02
3.432085322570269454e+02 -7.449377090095059273e-02
3.432259467612564663e+02 -7.141325480933356784e-02
3.432433612654860440e+02 -6.843866113018594322e-02
3.432607757697156217e+02 -6.555779382569815184e-02
3.432781902739451994e+02 -6.276059874146686091e-02
3.432956047781747202e+02 -6.005531846292250925e-02
3.433130192824042979e+02 -5.746236698201222931e-02
3.433304337866338756e+02 -5.499788146886641638e-02
3.433478482908633964e+02 -5.266917846304362133e-02
3.433652627950929741e+02 -5.047172815208768315e-02
3.433826772993225518e+02 -4.840168868051042406e-02
3.434000918035521295e+02 -4.643828068501076878e-02
3.434175063077816503e+02 -4.456003703395618187e-02
3.434349208120112280e+02 -4.273968114805093421e-02
3.434523353162408057e+02 -4.095236844591935987e-02
3.434697498204703834e+02 -3.917959303037136382e-02
3.434871643246999042e+02 -3.741042404584028758e-02
3.435045788289294819e+02 -3.563039801408253437e-02
3.435219933331590596e+02 -3.385339039016158763e-02
3.435394078373886373e+02 -3.211330291585307029e-02
3.435568223416181581e+02 -3.043059512381814796e-02
3.435742368458477358e+02 -2.882835873316542605e-02
3.435916513500773135e+02 -2.732779975221968222e-02
3.436090658543068344e+02 -2.593805449543797742e-02
3.436264803585364120e+02 -2.466889450697490327e-02
3.436438948627659897e+02 -2.351191256893081505e-02
3.436613093669955674e+02 -2.244830346134892712e-02
3.436787238712250883e+02 -2.147745979555949758e-02
3.436961383754546659e+02 -2.056525809818071995e-02
3.437135528796842436e+02 -1.968169571994807590e-02
3.437309673839138213e+02 -1.879647250586959431e-02
3.437483818881433422e+02 -1.789221676988067555e-02
3.437657963923728630e+02 -1.694761379647352975e-02
3.437832108966024407e+02 -1.594488890233934988e-02
3.438006254008319615e+02 -1.489038791302870618e-02
3.438180399050615392e+02 -1.380033347936768413e-02
3.438354544092911169e+02 -1.268817203606119326e-02
3.438528689135206946e+02 -1.159198811814030408e-02
3.438702834177502154e+02 -1.053782594057769625e-02
3.438876979219797931e+02 -9.559839443877419726e-03
3.439051124262093708e+02 -8.695014737204758218e-03
3.439225269304389485e+02 -7.982019012636398791e-03
3.439399414346684694e+02 -7.446820000899072312e-03
3.439573559388980470e+02 -7.116509659351786740e-03
3.439747704431276247e+02 -7.005797660350793384e-03
3.439921849473571456e+02 -7.121893825994177370e-03
3.440095994515867233e+02 -7.460661453340182610e-03
3.440270139558163009e+02 -8.001601236808564624e-03
3.440444284600458786e+02 -8.709421520512829196e-03
3.440618429642753995e+02 -9.547631301227833475e-03
3.440792574685049772e+02 -1.046768236967220850e-02
3.440966719727345549e+02 -1.141956625705359447e-02
3.441140864769641325e+02 -1.235023351445309510e-02
3.441315009811936534e+02 -1.321873495396279526e-02
3.441489154854232311e+02 -1.397849128900236285e-02
3.441663299896528088e+02 -1.460092393731063712e-02
3.441837444938823296e+02 -1.506749673132700730e-02
3.442011589981119073e+02 -1.536388536758167937e-02
3.442185735023414850e+02 -1.549541613793898112e-02
3.442359880065710627e+02 -1.546187546321669062e-02
3.442534025108005835e+02 -1.528488398656401015e-02
3.442708170150301612e+02 -1.498818452698756805e-02
3.442882315192597389e+02 -1.459901894556417737e-02
3.443056460234893166e+02 -1.415176334030406047e-02
3.443230605277188374e+02 -1.367718152239767379e-02
3.443404750319484151e+02 -1.320622721852797617e-02
3.443578895361779928e+02 -1.276947586114500141e-02
3.443753040404075136e+02 -1.239197902162889921e-02
3.443927185446370345e+02 -1.210295621085492358e-02
3.444101330488666122e+02 -1.190447018957226620e-02
3.444275475530961899e+02 -1.181180997643483874e-02
3.444449620573257107e+02 -1.181968193001060180e-02
3.444623765615552884e+02 -1.191212190660959590e-02
3.444797910657848661e+02 -1.207150713872044527e-02
3.444972055700144438e+02 -1.227389026533724781e-02
3.445146200742439646e+02 -1.249062665930656540e-02
3.445320345784735423e+02 -1.268954151802445009e-02
3.445494490827031200e+02 -1.284150682836935307e-02
3.445668635869326977e+02 -1.292707699269980172e-02
3.445842780911622185e+02 -1.293718765683969478e-02
3.446016925953917962e+02 -1.286954237600028937e-02
3.446191070996213739e+02 -1.274110258496098311e-02
3.446365216038508947e+02 -1.256492887984974292e-02
3.446539361080804724e+02 -1.238286728339312026e-02
3.446713506123100501e+02 -1.222927801025744041e-02
3.446887651165396278e+02 -1.213934797958143505e-02
3.447061796207691486e+02 -1.214580849809903350e-02
3.447235941249987263e+02 -1.225915010324817381e-02
3.447410086292283040e+02 -1.248339825178290848e-02
3.447584231334578817e+02 -1.281156765696573642e-02
3.447758376376874025e+02 -1.322396856132319887e-02
3.447932521419169802e+02 -1.367676504317826176e-02
3.448106666461465579e+02 -1.413352963503490198e-02
3.448280811503760788e+02 -1.456453608392282127e-02
3.448454956546056565e+02 -1.493472745021677019e-02
3.448629101588352341e+02 -1.522644403745060035e-02
3.448803246630648118e+02 -1.543118269350335532e-02
3.448977391672943327e+02 -1.556203569293489707e-02
3.449151536715239104e+02 -1.563619124795347093e-02
3.449325681757534880e+02 -1.569105251772924883e-02
3.449499826799830089e+02 -1.576069571922707538e-02
3.449673971842125297e+02 -1.586696779909257601e-02
3.449848116884421074e+02 -1.603253170858880833e-02
3.450022261926716851e+02 -1.626676537852258034e-02
3.450196406969012060e+02 -1.656640305944125091e-02
3.450370552011307836e+02 -1.690918730181526289e-02
3.450544697053603613e+02 -1.727198850446673428e-02
3.450718842095899390e+02 -1.763082063146012915e-02
3.450892987138194599e+02 -1.793026854520599414e-02
3.451067132180490376e+02 -1.813044382737255891e-02
3.451241277222786152e+02 -1.820728105131901378e-02
3.451415422265081929e+02 -1.814513665010851831e-02
3.451589567307377138e+02 -1.792946377189462773e-02
3.451763712349672915e+02 -1.756847020102292670e-02
3.451937857391968691e+02 -1.707641905296561347e-02
3.452112002434264468e+02 -1.648452371542737452e-02
3.452286147476559677e+02 -1.584805946268298682e-02
3.452460292518855454e+02 -1.520569773779554580e-02
3.452634437561151231e+02 -1.461855133269323974e-02
3.452808582603446439e+02 -1.411386110746606394e-02
3.452982727645742216e+02 -1.371932813662875283e-02
3.453156872688037993e+02 -1.344974614336404833e-02
3.453331017730333770e+02 -1.329765004791076677e-02
3.453505162772628978e+02 -1.325172923406585899e-02
3.453679307814924755e+02 -1.327602412464282122e-02
3.453853452857220532e+02 -1.332088423824786400e-02
3.454027597899516309e+02 -1.334009067418983827e-02
3.454201742941811517e+02 -1.329589487567952623e-02
3.454375887984107294e+02 -1.314423863533459476e-02
3.454550033026403071e+02 -1.286631183478425394e-02
3.454724178068698279e+02 -1.245756263797933097e-02
3.454898323110994056e+02 -1.191334802115325345e-02
3.455072468153289833e+02 -1.125789777031249370e-02
3.455246613195585610e+02 -1.051399651547050076e-02
3.455420758237880818e+02 -9.729593232899052396e-03
3.455594903280176595e+02 -8.929806571946750579e-03
3.455769048322471804e+02 -8.155526169881782000e-03
3.455943193364767581e+02 -7.426584654460336582e-03
3.456117338407062789e+02 -6.762777714662181194e-03
3.456291483449358566e+02 -6.177900287450861783e-03
3.456465628491654343e+02 -5.695991268265361389e-03
3.456639773533949551e+02 -5.324429595734037936e-03
3.456813918576245328e+02 -5.060441946495099902e-03
3.456988063618541105e+02 -4.909133993640115053e-03
3.457162208660836882e+02 -4.865349127939060971e-03
3.457336353703132090e+02 -4.913318042151749825e-03
3.457510498745427867e+02 -5.052162787723175549e-03
3.457684643787723644e+02 -5.257206000580661766e-03
3.457858788830019421e+02 -5.501696479409839448e-03
3.458032933872314629e+02 -5.761925024324061201e-03
3.458207078914610406e+02 -6.006552865279565952e-03
3.458381223956906183e+02 -6.216094391776668532e-03
3.458555368999201960e+02 -6.374075361695596964e-03
3.458729514041497168e+02 -6.474332076993827290e-03
3.458903659083792945e+02 -6.506169428123071731e-03
3.459077804126088722e+02 -6.473527575725786243e-03
3.459251949168383931e+02 -6.378826370224750797e-03
3.459426094210679707e+02 -6.251724732381954731e-03
3.459600239252975484e+02 -6.104163900052713906e-03
3.459774384295271261e+02 -5.963597871624512319e-03
3.459948529337566470e+02 -5.845750122051351916e-03
3.460122674379862246e+02 -5.760610690381661771e-03
3.460296819422158023e+02 -5.729380307950302474e-03
3.460470964464453800e+02 -5.744231867473656959e-03
3.460645109506749009e+02 -5.815656466048890229e-03
3.460819254549044786e+02 -5.920010139891726531e-03
3.460993399591340562e+02 -6.047118761392563345e-03
3.461167544633635771e+02 -6.181797391435757232e-03
3.461341689675931548e+02 -6.306312870252543321e-03
3.461515834718226756e+02 -6.407490657664015321e-03
3.461689979760522533e+02 -6.489670657677106685e-03
3.461864124802817742e+02 -6.554544580356353074e-03
3.462038269845113518e+02 -6.599306452609437872e-03
3.462212414887409295e+02 -6.632077655427307157e-03
3.462386559929705072e+02 -6.655076042828699141e-03
3.462560704972000281e+02 -6.657838190780335230e-03
3.462734850014296057e+02 -6.641577610392464075e-03
3.462908995056591834e+02 -6.603346748762631280e-03
3.463083140098887043e+02 -6.537283616892498525e-03
3.463257285141182820e+02 -6.431587990463656299e-03
3.463431430183478597e+02 -6.289319842167951508e-03
3.463605575225774373e+02 -6.096954931303408438e-03
3.463779720268069582e+02 -5.839471224842184525e-03
3.463953865310365359e+02 -5.502035583568909080e-03
3.464128010352661136e+02 -5.090282021883322204e-03
3.464302155394956912e+02 -4.577499544941405867e-03
3.464476300437252121e+02 -3.963890587117471255e-03
3.464650445479547898e+02 -3.259978690249854850e-03
3.464824590521843675e+02 -2.469474496876966803e-03
3.464998735564138883e+02 -1.606530607844996452e-03
3.465172880606434660e+02 -7.002569688915883913e-04
3.465347025648730437e+02 2.104098124473567568e-04
3.465521170691026214e+02 1.078982851354341223e-03
3.465695315733321422e+02 1.860241919466688659e-03
3.465869460775617199e+02 2.520620189771864347e-03
3.466043605817912976e+02 3.028965067196282609e-03
3.466217750860208753e+02 3.367286886133185643e-03
3.466391895902503961e+02 3.518665805277544113e-03
3.466566040944799738e+02 3.478972388882621732e-03
3.466740185987095515e+02 3.250007163247102971e-03
3.466914331029391292e+02 2.853065703409018647e-03
3.467088476071686500e+02 2.300161255225289039e-03
3.467262621113982277e+02 1.624240323313371403e-03
3.467436766156278054e+02 8.401274271238444056e-04
3.467610911198572694e+02 -2.219900668149646334e-05
3.467785056240868471e+02 -9.473168225796153386e-04
3.467959201283164248e+02 -1.917627252580651363e-03
3.468133346325460025e+02 -2.910120491811334694e-03
3.468307491367755233e+02 -3.903960435138340880e-03
3.468481636410051010e+02 -4.876555647524480515e-03
3.468655781452346787e+02 -5.807819947873793000e-03
3.468829926494642564e+02 -6.674425487707551750e-03
3.469004071536937772e+02 -7.456675600945239166e-03
3.469178216579233549e+02 -8.122880492935892482e-03
3.469352361621529326e+02 -8.645779192625799997e-03
3.469526506663824534e+02 -8.989581781201521835e-03
3.469700651706120311e+02 -9.131802440323648698e-03
3.469874796748416088e+02 -9.046606262824587186e-03
3.470048941790711865e+02 -8.711884215363613695e-03
3.470223086833007073e+02 -8.117722655136896948e-03
3.470397231875302850e+02 -7.273011526865599125e-03
3.470571376917598627e+02 -6.192999415374219642e-03
3.470745521959894404e+02 -4.907601342324124927e-03
3.470919667002189613e+02 -3.478656931186772765e-03
3.471093812044485389e+02 -1.973775223120696493e-03
3.471267957086781166e+02 -4.541846544064455371e-04
3.471442102129076375e+02 1.008619455802497620e-03
3.471616247171372152e+02 2.347220568547967508e-03
3.471790392213667928e+02 3.499725776739510789e-03
3.471964537255963705e+02 4.435357720456865188e-03
3.472138682298258914e+02 5.127536149361257116e-03
3.472312827340554691e+02 5.584850006546026452e-03
3.472486972382850468e+02 5.833009081504580973e-03
3.472661117425146244e+02 5.909740788679305155e-03
3.472835262467441453e+02 5.873695180745097666e-03
3.473009407509737230e+02 5.776340756412409738e-03
3.473183552552033007e+02 5.676466925424902311e-03
3.473357697594327647e+02 5.614829016595924288e-03
3.473531842636623423e+02 5.616870377913579272e-03
3.473705987678919200e+02 5.698304498112877724e-03
3.473880132721214977e+02 5.856064731547605713e-03
3.474054277763510186e+02 6.064598204389731739e-03
3.474228422805805963e+02 6.296116880359158875e-03
3.474402567848101739e+02 6.510684083247271145e-03
3.474576712890397516e+02 6.666596416485075054e-03
3.474750857932692725e+02 6.726111667983552048e-03
3.474925002974988502e+02 6.652504426774293912e-03
3.475099148017284278e+02 6.417347299393098316e-03
3.475273293059580055e+02 6.005208163208376228e-03
3.475447438101875264e+02 5.414330448390776082e-03
3.475621583144171041e+02 4.656658882611221240e-03
3.475795728186466818e+02 3.754384246951973560e-03
3.475969873228762026e+02 2.739122045860757117e-03
3.476144018271057803e+02 1.655041635365319492e-03
3.476318163313353580e+02 5.560010761470384139e-04
3.476492308355649357e+02 -5.093415661587600250e-04
3.476666453397944565e+02 -1.503243533421597068e-03
3.476840598440240342e+02 -2.392469333366092042e-03
3.477014743482536119e+02 -3.151538190534691492e-03
3.477188888524831896e+02 -3.757994030639991156e-03
3.477363033567127104e+02 -4.198317001542440675e-03
3.477537178609422881e+02 -4.465898368516858785e-03
3.477711323651718658e+02 -4.560053017044495699e-03
3.477885468694013866e+02 -4.493274384613457628e-03
3.478059613736309643e+02 -4.281238728584176208e-03
3.478233758778605420e+02 -3.941043755807704593e-03
3.478407903820901197e+02 -3.492282665567769066e-03
3.478582048863196405e+02 -2.959307102675218151e-03
3.478756193905492182e+02 -2.368843900197619388e-03
3.478930338947787959e+02 -1.749166950608616695e-03
3.479104483990083736e+02 -1.131473688811616930e-03
3.479278629032378944e+02 -5.445528122572267701e-04
3.479452774074674153e+02 -1.703781757023226125e-05
3.479626919116969930e+02 4.365525211669203198e-04
3.479801064159265138e+02 8.150225784944804992e-04
3.479975209201560915e+02 1.119187775575315562e-03
3.480149354243856692e+02 1.362041190230737445e-03
3.480323499286152469e+02 1.569865984841514695e-03
3.480497644328447677e+02 1.785920046561207449e-03
3.480671789370743454e+02 2.046279419268463937e-03
3.480845934413039231e+02 2.381270662595242130e-03
3.481020079455335008e+02 2.818610793175763823e-03
3.481194224497630216e+02 3.372185257766407811e-03
3.481368369539925993e+02 4.048382505590294132e-03
3.481542514582221770e+02 4.837437119729439891e-03
3.481716659624517547e+02 5.707214289928444484e-03
3.481890804666812755e+02 6.613903327103171775e-03
3.482064949709108532e+02 7.500049441112507584e-03
3.482239094751404309e+02 8.307770452269252343e-03
3.482413239793699518e+02 8.982549680592017902e-03
3.482587384835995294e+02 9.480716250381677340e-03
3.482761529878291071e+02 9.768557665188084063e-03
3.482935674920586848e+02 9.824347560467829032e-03
3.483109819962882057e+02 9.654752916037918214e-03
3.483283965005177834e+02 9.273622273037240848e-03
3.483458110047473610e+02 8.705674649050853045e-03
3.483632255089769387e+02 7.992417581529753096e-03
3.483806400132064596e+02 7.180591417625468986e-03
3.483980545174360373e+02 6.324685297115657627e-03
3.484154690216656149e+02 5.467133576471276853e-03
3.484328835258951358e+02 4.641440322755507365e-03
3.484502980301247135e+02 3.872696934955484685e-03
3.484677125343542912e+02 3.180743987842606525e-03
3.484851270385838689e+02 2.564093668669227555e-03
3.485025415428133897e+02 2.008070488366346315e-03
3.485199560470429105e+02 1.500661815564607957e-03
3.485373705512724882e+02 1.027166941197636685e-03
3.485547850555020659e+02 5.620792839068670336e-04
3.485721995597315868e+02 8.598480480799910227e-05
3.485896140639611644e+02 -4.089207466592340154e-04
3.486070285681907421e+02 -9.282026910988961429e-04
3.486244430724202630e+02 -1.476380855060015207e-03
3.486418575766498407e+02 -2.047696164242877436e-03
3.486592720808794184e+02 -2.618301559301851322e-03
3.486766865851089960e+02 -3.160692566205844899e-03
3.486941010893385169e+02 -3.655609705595059579e-03
3.487115155935680946e+02 -4.083625941713300671e-03
3.487289300977976723e+02 -4.424607641263574899e-03
3.487463446020272499e+02 -4.661672511976544878e-03
3.487637591062567708e+02 -4.782344923026141635e-03
3.487811736104863485e+02 -4.782771739095309158e-03
3.487985881147159262e+02 -4.679161791707154086e-03
3.488160026189454470e+02 -4.497063462945787536e-03
3.488334171231750247e+02 -4.268145841995960033e-03
3.488508316274046024e+02 -4.033543138744798313e-03
3.488682461316341801e+02 -3.828179125198486691e-03
3.488856606358637009e+02 -3.687610027337669908e-03
3.489030751400932786e+02 -3.642308275626267387e-03
3.489204896443228563e+02 -3.704638259442621581e-03
3.489379041485524340e+02 -3.869838695681179774e-03
3.489553186527819548e+02 -4.118006657513225734e-03
3.489727331570115325e+02 -4.414115654289881528e-03
3.489901476612411102e+02 -4.703316523287044693e-03
3.490075621654706879e+02 -4.925100277925417887e-03
3.490249766697002087e+02 -5.024259662929680438e-03
3.490423911739297864e+02 -4.955314308143559006e-03
3.490598056781593641e+02 -4.682074145482633364e-03
3.490772201823888850e+02 -4.181883483530759657e-03
3.490946346866184626e+02 -3.468434102208692738e-03
3.491120491908480403e+02 -2.567528024949305120e-03
3.491294636950776180e+02 -1.516772958010879392e-03
3.491468781993070820e+02 -3.814302195255253472e-04
3.491642927035366597e+02 7.623890540209480151e-04
3.491817072077662374e+02 1.827223990653838040e-03
3.491991217119958151e+02 2.735729029004707602e-03
3.492165362162253359e+02 3.427691047296369583e-03
3.492339507204549136e+02 3.852629251913422623e-03
3.492513652246844913e+02 3.967147618126430977e-03
3.492687797289140121e+02 3.746924456808070104e-03
3.492861942331435898e+02 3.193583653707758336e-03
3.493036087373731675e+02 2.313670649267943105e-03
3.493210232416027452e+02 1.143847034777410688e-03
3.493384377458322660e+02 -2.619141809701347923e-04
3.493558522500618437e+02 -1.842122995594804372e-03
3.493732667542914214e+02 -3.540224892392991336e-03
3.493906812585209991e+02 -5.290789489410452871e-03
3.494080957627505200e+02 -7.019788835460052598e-03
3.494255102669800976e+02 -8.659014109281710017e-03
3.494429247712096753e+02 -1.014943018550400200e-02
3.494603392754391962e+02 -1.143794964438006947e-02
3.494777537796687739e+02 -1.247984176207858620e-02
3.494951682838983515e+02 -1.324187743171990547e-02
3.495125827881279292e+02 -1.370411219479616277e-02
3.495299972923574501e+02 -1.385911273399188445e-02
3.495474117965870278e+02 -1.371481662916605379e-02
3.495648263008166055e+02 -1.329500411026254825e-02
3.495822408050461831e+02 -1.263551724823689867e-02
3.495996553092757040e+02 -1.177838475675691519e-02
3.496170698135052817e+02 -1.078065061970648504e-02
3.496344843177348594e+02 -9.686596315463674722e-03
3.496518988219643802e+02 -8.547506701679231933e-03
3.496693133261939579e+02 -7.415373154334358070e-03
3.496867278304235356e+02 -6.329743296417267122e-03
3.497041423346530564e+02 -5.323206685020418459e-03
3.497215568388825773e+02 -4.426975458390664496e-03
3.497389713431121550e+02 -3.664225907219741292e-03
3.497563858473417326e+02 -3.047455078908680500e-03
3.497738003515713103e+02 -2.588276744607257394e-03
3.497912148558008312e+02 -2.295092824656227298e-03
3.498086293600304089e+02 -2.162730569508268530e-03
3.498260438642599865e+02 -2.194202297908904708e-03
3.498434583684895642e+02 -2.387935373189350400e-03
3.498608728727190851e+02 -2.731520374964381461e-03
3.498782873769486628e+02 -3.214467070355357323e-03
3.498957018811782405e+02 -3.824789681171313679e-03
3.499131163854077613e+02 -4.551644666088184264e-03
3.499305308896373390e+02 -5.369099873883032351e-03
3.499479453938669167e+02 -6.246052965115266552e-03
3.499653598980964944e+02 -7.156159997989529169e-03
3.499827744023260152e+02 -8.059286395195973743e-03
3.500001889065555929e+02 -8.920829975680740972e-03
3.500176034107851706e+02 -9.696342812690762064e-03
3.500350179150147483e+02 -1.034499108028007208e-02
3.500524324192442691e+02 -1.082680562352380735e-02
3.500698469234738468e+02 -1.111660569464546083e-02
3.500872614277034245e+02 -1.117621165202927272e-02
3.501046759319329453e+02 -1.097715021956232120e-02
3.501220904361625230e+02 -1.051167223026065745e-02
3.501395049403921007e+02 -9.781583083382080698e-03
3.501569194446216784e+02 -8.804501159456240914e-03
3.501743339488511992e+02 -7.605202877406549468e-03
3.501917484530807769e+02 -6.231267367257601469e-03
3.502091629573103546e+02 -4.727059164998628944e-03
3.502265774615399323e+02 -3.156155757710619406e-03
3.502439919657694531e+02 -1.582239347836286725e-03
3.502614064699990308e+02 -7.399441530694703226e-05
3.502788209742286085e+02 1.308297174251478630e-03
3.502962354784581294e+02 2.526761832139127768e-03
3.503136499826877071e+02 3.543849297717962220e-03
3.503310644869172847e+02 4.343001036361638506e-03
3.503484789911468056e+02 4.915657686936312012e-03
3.503658934953763264e+02 5.276415967929423689e-03
3.503833079996059041e+02 5.437138034979832613e-03
3.504007225038354818e+02 5.428088818915137274e-03
3.504181370080650595e+02 5.266272964824469244e-03
3.504355515122945803e+02 4.986910126643035249e-03
3.504529660165241580e+02 4.611130414494159224e-03
3.504703805207537357e+02 4.171540035921523192e-03
3.504877950249832566e+02 3.687166927658834699e-03
3.505052095292128342e+02 3.188014723274758527e-03
3.505226240334424119e+02 2.689607286739141220e-03
3.505400385376719896e+02 2.208389792266028662e-03
3.505574530419015105e+02 1.766104893633431037e-03
3.505748675461310881e+02 1.377688474601891167e-03
3.505922820503606658e+02 1.050663660377108974e-03
3.506096965545902435e+02 7.889208489058941766e-04
3.506271110588197644e+02 5.951142028766039658e-04
3.506445255630493421e+02 4.525392692046167268e-04
3.506619400672789197e+02 3.711890591116605667e-04
3.506793545715084974e+02 3.469317588705898782e-04
3.506967690757380183e+02 3.690595497738455126e-04
3.507141835799675960e+02 4.487896455873057844e-04
3.507315980841971736e+02 5.799688750141466847e-04
3.507490125884266945e+02 7.864399267174909365e-04
3.507664270926562722e+02 1.083054623093027222e-03
3.507838415968858499e+02 1.474515718083517805e-03
3.508012561011154276e+02 1.978301942212606999e-03
3.508186706053449484e+02 2.609571934249356028e-03
3.508360851095745261e+02 3.385253858159253688e-03
3.508534996138041038e+02 4.314337690303907472e-03
3.508709141180336815e+02 5.392833920616398741e-03
3.508883286222632023e+02 6.614322935698122886e-03
3.509057431264927231e+02 7.966464178046509317e-03
3.509231576307223008e+02 9.413286365136918840e-03
3.509405721349518217e+02 1.091377678720679631e-02
3.509579866391813994e+02 1.241782134845940098e-02
3.509754011434109771e+02 1.387437258619401287e-02
3.509928156476405547e+02 1.522186773561026371e-02
3.510102301518700756e+02 1.640236426617946303e-02
3.510276446560996533e+02 1.737606447330355616e-02
3.510450591603292310e+02 1.810899178296409076e-02
3.510624736645588087e+02 1.856471050751499000e-02
3.510798881687883295e+02 1.872826048678640637e-02
3.510973026730179072e+02 1.860537511985383557e-02
3.511147171772474849e+02 1.820942629856858383e-02
3.511321316814770057e+02 1.756708230178059479e-02
3.511495461857065834e+02 1.672072337894426122e-02
3.511669606899361611e+02 1.571656568730664394e-02
3.511843751941657388e+02 1.460512587814787912e-02
3.512017896983952596e+02 1.345539894682490703e-02
3.512192042026248373e+02 1.232567695906002653e-02
3.512366187068544150e+02 1.127203247736884885e-02
3.512540332110839927e+02 1.033730332737544874e-02
3.512714477153135135e+02 9.563407744970798055e-03
3.512888622195430912e+02 8.965001629597939975e-03
3.513062767237726689e+02 8.557941180134918599e-03
3.513236912280022466e+02 8.329999518422011306e-03
3.513411057322317674e+02 8.257721672445436992e-03
3.513585202364613451e+02 8.304331338261555784e-03
3.513759347406909228e+02 8.420758140474070286e-03
3.513933492449204437e+02 8.562210587608698464e-03
3.514107637491500213e+02 8.689939180794756593e-03
3.514281782533795990e+02 8.764672207949705460e-03
3.514455927576091767e+02 8.753903376730199498e-03
3.514630072618386976e+02 8.632166288244235916e-03
3.514804217660682752e+02 8.393044758362451507e-03
3.514978362702978529e+02 8.017623531665849998e-03
3.515152507745274306e+02 7.521833495055345147e-03
3.515326652787568946e+02 6.919826537108333085e-03
3.515500797829864723e+02 6.224671152759798931e-03
3.515674942872160500e+02 5.461053339339597655e-03
3.515849087914455708e+02 4.657904458066549139e-03
3.516023232956751485e+02 3.837284283486868362e-03
3.516197377999047262e+02 3.029575131682717744e-03
3.516371523041343039e+02 2.262745871836256868e-03
3.516545668083638247e+02 1.575996424228994462e-03
3.516719813125934024e+02 9.960792677634199184e-04
3.516893958168229801e+02 5.506176186449738890e-04
3.517068103210525578e+02 2.646047433550474822e-04
3.517242248252820787e+02 1.417237642947533657e-04
3.517416393295116563e+02 1.724003393025808940e-04
3.517590538337412340e+02 3.386702516280609525e-04
3.517764683379707549e+02 6.130152422639032319e-04
3.517938828422003326e+02 9.667869675190127925e-04
3.518112973464299102e+02 1.356573695548316015e-03
3.518287118506594879e+02 1.744650806390790447e-03
3.518461263548890088e+02 2.089233626837689629e-03
3.518635408591185865e+02 2.361497748501074651e-03
3.518809553633481642e+02 2.555190949320567621e-03
3.518983698675777418e+02 2.670274571599138072e-03
3.519157843718072627e+02 2.713715902439765067e-03
3.519331988760368404e+02 2.702951191809575913e-03
3.519506133802664181e+02 2.671841955634776059e-03
3.519680278844959389e+02 2.661371912474232073e-03
3.519854423887255166e+02 2.704747368552562568e-03
3.520028568929550943e+02 2.828569340661976454e-03
3.520202713971846720e+02 3.056183653654890708e-03
3.520376859014141928e+02 3.396540138494737356e-03
3.520551004056437705e+02 3.849922314974057232e-03
3.520725149098733482e+02 4.404092130161645427e-03
3.520899294141028690e+02 5.037591972526313071e-03
3.521073439183323899e+02 5.726130482290225400e-03
3.521247584225619676e+02 6.432106044747521595e-03
3.521421729267915453e+02 7.108081875346598626e-03
3.521595874310211229e+02 7.712974573103363422e-03
3.521770019352506438e+02 8.203913085638180752e-03
3.521944164394802215e+02 8.531309044161675126e-03
3.522118309437097992e+02 8.662779847321158341e-03
3.522292454479393200e+02 8.584521728833480886e-03
3.522466599521688977e+02 8.296535812468091783e-03
3.522640744563984754e+02 7.803889079655776384e-03
3.522814889606280531e+02 7.133488208063119146e-03
3.522989034648575739e+02 6.323034180727563069e-03
3.523163179690871516e+02 5.422524435239320893e-03
3.523337324733167293e+02 4.490288569078717575e-03
3.523511469775463070e+02 3.583374969535779633e-03
3.523685614817758278e+02 2.752742277355862098e-03
3.523859759860054055e+02 2.056011699998144468e-03
3.524033904902349832e+02 1.905970339317760841e-03
