3.321503220712559710e+02 1.461039095145108720e-03
3.321678723905098423e+02 2.374302497412350468e-03
3.321854227097637136e+02 3.619248883310306666e-03
3.322029730290176417e+02 4.628392066244027894e-03
3.322205233482714561e+02 5.320661757975076768e-03
3.322380736675253843e+02 5.664046704998564573e-03
3.322556239867792556e+02 5.629622857226001045e-03
3.322731743060331269e+02 5.186391071247899338e-03
3.322907246252869982e+02 4.337300430319510590e-03
3.323082749445408695e+02 3.108982539515964608e-03
3.323258252637947407e+02 1.589323365509552437e-03
3.323433755830486689e+02 -1.313502994565350569e-04
3.323609259023024833e+02 -1.948376537844621198e-03
3.323784762215564115e+02 -3.765155155204779214e-03
3.323960265408102828e+02 -5.484242489677099500e-03
3.324135768600641541e+02 -7.037526206667281056e-03
3.324311271793180254e+02 -8.353237498119192930e-03
3.324486774985719535e+02 -9.402477868888996573e-03
3.324662278178257679e+02 -1.018825566677342837e-02
3.324837781370796961e+02 -1.073597034004417604e-02
3.325013284563335674e+02 -1.108042136326527899e-02
3.325188787755874387e+02 -1.124574458807186400e-02
3.325364290948413100e+02 -1.126402341734916886e-02
3.325539794140952381e+02 -1.116226060569720617e-02
3.325715297333490525e+02 -1.094637871547415181e-02
3.325890800526029807e+02 -1.062141411043410200e-02
3.326066303718568520e+02 -1.018938211537297883e-02
3.326241806911107233e+02 -9.648228956085948271e-03
3.326417310103646514e+02 -8.994473529948329368e-03
3.326592813296185227e+02 -8.224626440536182692e-03
3.326768316488723940e+02 -7.350151331370580361e-03
3.326943819681262653e+02 -6.391976216550450916e-03
3.327119322873801934e+02 -5.362878966349599909e-03
3.327294826066340079e+02 -4.281561869204916944e-03
3.327470329258879360e+02 -3.164512239974087444e-03
3.327645832451418073e+02 -2.020751166786182839e-03
3.327821335643956786e+02 -8.610610562954344478e-04
3.327996838836495499e+02 3.092956752229105832e-04
3.328172342029034780e+02 1.476107861586850849e-03
3.328347845221572925e+02 2.616379821212655010e-03
3.328523348414112206e+02 3.702097372992593956e-03
3.328698851606650919e+02 4.695648420456503998e-03
3.328874354799189632e+02 5.545914410911954515e-03
3.329049857991728345e+02 6.199388705983394261e-03
3.329225361184267626e+02 6.608440023331879111e-03
3.329400864376805771e+02 6.721015242123274010e-03
3.329576367569345052e+02 6.506160344989932870e-03
3.329751870761883197e+02 5.954774580051121202e-03
3.329927373954422478e+02 5.067440409567563336e-03
3.330102877146961191e+02 3.872620629571098174e-03
3.330278380339499904e+02 2.427452902188364028e-03
3.330453883532038617e+02 7.917170578296853179e-04
3.330629386724577898e+02 -9.609490248236132216e-04
3.330804889917116043e+02 -2.751145160950699362e-03
3.330980393109655324e+02 -4.502662166698365338e-03
3.331155896302194606e+02 -6.155056577934405956e-03
3.331331399494732750e+02 -7.649048321024414822e-03
3.331506902687272031e+02 -8.935381450014599422e-03
3.331682405879810744e+02 -9.964751248857204799e-03
3.331857909072349457e+02 -1.071789870010997348e-02
3.332033412264888170e+02 -1.118242036084492012e-02
3.332208915457427452e+02 -1.135302583083031870e-02
3.332384418649965596e+02 -1.122607238354383398e-02
3.332559921842504878e+02 -1.080932993104082029e-02
3.332735425035043590e+02 -1.011063620895649370e-02
3.332910928227582303e+02 -9.152590805013058328e-03
3.333086431420121016e+02 -7.957405487180964701e-03
3.333261934612660298e+02 -6.544682061763514892e-03
3.333437437805198442e+02 -4.946260369304698000e-03
3.333612940997737724e+02 -3.208234770640793279e-03
3.333788444190276437e+02 -1.379105220845695942e-03
3.333963947382815149e+02 4.831384281996671656e-04
3.334139450575353862e+02 2.314410427235163298e-03
3.334314953767893144e+02 4.040917362548641055e-03
3.334490456960431288e+02 5.612516110391718889e-03
3.334665960152970570e+02 6.966196309765513607e-03
3.334841463345509283e+02 8.045547471130459413e-03
3.335016966538047996e+02 8.816283699440907382e-03
3.335192469730586708e+02 9.248715310917737104e-03
3.335367972923125990e+02 9.323829068851784141e-03
3.335543476115664134e+02 9.039055275782555479e-03
3.335718979308203416e+02 8.406101574779195618e-03
3.335894482500741560e+02 7.453529027472863798e-03
3.336069985693280842e+02 6.215140578862615034e-03
3.336245488885820123e+02 4.758410394684878773e-03
3.336420992078358267e+02 3.160648077396439361e-03
3.336596495270897549e+02 1.521947163517093152e-03
3.336771998463436262e+02 -4.927265235641780538e-05
3.336947501655974975e+02 -1.460336880226010582e-03
3.337123004848513688e+02 -2.593139344071898958e-03
3.337298508041052969e+02 -3.363312327625971303e-03
3.337474011233591114e+02 -3.703582967299236337e-03
3.337649514426130395e+02 -3.578874396604991587e-03
3.337825017618669108e+02 -2.984407790957978920e-03
3.338000520811207821e+02 -1.965333430920163799e-03
3.338176024003746534e+02 -5.936036827737837477e-04
3.338351527196285815e+02 1.036796056126184848e-03
3.338527030388823960e+02 2.811314763475211091e-03
3.338702533581363241e+02 4.599450871094208637e-03
3.338878036773901954e+02 6.282343248053444233e-03
3.339053539966440667e+02 7.752247977749604675e-03
3.339229043158979380e+02 8.912160191574971732e-03
3.339404546351518661e+02 9.673232116493355251e-03
3.339580049544056806e+02 1.000085959428856537e-02
3.339755552736596087e+02 9.860695601661471563e-03
3.339931055929134800e+02 9.224022855667922058e-03
3.340106559121673513e+02 8.122970017320920930e-03
3.340282062314212226e+02 6.595327102240940327e-03
3.340457565506751507e+02 4.700921062986821754e-03
3.340633068699289652e+02 2.511694049734762828e-03
3.340808571891828933e+02 1.191435448027744075e-04
3.340984075084368214e+02 -2.384081352855925168e-03
3.341159578276906359e+02 -4.894741388687928393e-03
3.341335081469445640e+02 -7.298775722477925977e-03
3.341510584661984353e+02 -9.509215811159783122e-03
3.341686087854523066e+02 -1.144933808223997859e-02
3.341861591047061779e+02 -1.303515782812030011e-02
3.342037094239601061e+02 -1.419916842600408083e-02
3.342212597432139205e+02 -1.490931732891841860e-02
3.342388100624678486e+02 -1.517294324116474392e-02
3.342563603817217199e+02 -1.499341724294682605e-02
3.342739107009755912e+02 -1.439403891618434850e-02
3.342914610202294625e+02 -1.341375361422658327e-02
3.343090113394833338e+02 -1.211348186496060894e-02
3.343265616587372051e+02 -1.056749340859087713e-02
3.343441119779911332e+02 -8.843428160840442059e-03
3.343616622972449477e+02 -7.022577663636189738e-03
3.343792126164988758e+02 -5.165054965239910222e-03
3.343967629357527471e+02 -3.346289247675702551e-03
3.344143132550066184e+02 -1.623848449612506515e-03
3.344318635742604897e+02 -4.409547232502610659e-05
3.344494138935144179e+02 1.344949688588915069e-03
3.344669642127682323e+02 2.512801531661690204e-03
3.344845145320221604e+02 3.436614918038869045e-03
3.345020648512760317e+02 4.098461042449969179e-03
3.345196151705299030e+02 4.495332516804182235e-03
3.345371654897837743e+02 4.631384089102642473e-03
3.345547158090377025e+02 4.516417956513511626e-03
3.345722661282915738e+02 4.170434204956378899e-03
3.345898164475454450e+02 3.635470573471707208e-03
3.346073667667993732e+02 2.952456102311808769e-03
3.346249170860531876e+02 2.164349719168579163e-03
3.346424674053071158e+02 1.325552360559240474e-03
3.346600177245609871e+02 4.816938828646431521e-04
3.346775680438148584e+02 -3.227890586950351898e-04
3.346951183630687296e+02 -1.055315595537606455e-03
3.347126686823226578e+02 -1.696927366317065641e-03
3.347302190015764722e+02 -2.246444243505612160e-03
3.347477693208304004e+02 -2.734195187721619093e-03
3.347653196400842717e+02 -3.195994483384415573e-03
3.347828699593381430e+02 -3.683637042860940514e-03
3.348004202785920143e+02 -4.260904003959985371e-03
3.348179705978459424e+02 -4.982522173012229189e-03
3.348355209170997568e+02 -5.889746224538871394e-03
3.348530712363536850e+02 -7.009838714760820849e-03
3.348706215556075563e+02 -8.341026882316247490e-03
3.348881718748614276e+02 -9.862025986782530645e-03
3.349057221941152989e+02 -1.153338015734133373e-02
3.349232725133692270e+02 -1.330621473223136085e-02
3.349408228326230414e+02 -1.511957590934301029e-02
3.349583731518769696e+02 -1.690591400397562991e-02
3.349759234711307840e+02 -1.860708990435931340e-02
3.349934737903847122e+02 -2.017595338446986908e-02
3.350110241096385835e+02 -2.158229045601150337e-02
3.350285744288924548e+02 -2.280908121301455233e-02
3.350461247481463261e+02 -2.384091989173805354e-02
3.350636750674002542e+02 -2.467252141148574412e-02
3.350812253866541255e+02 -2.530998883059366530e-02
3.350987757059079968e+02 -2.575797059557258933e-02
3.351163260251619249e+02 -2.602063953078337377e-02
3.351338763444157394e+02 -2.609193958923121739e-02
3.351514266636696675e+02 -2.597189931679353900e-02
3.351689769829235388e+02 -2.567053696018611886e-02
3.351865273021774101e+02 -2.519695148359540893e-02
3.352040776214312814e+02 -2.457374698224925463e-02
3.352216279406852095e+02 -2.383139038509021410e-02
3.352391782599390240e+02 -2.301113349835748681e-02
3.352567285791929521e+02 -2.216297200236685278e-02
3.352742788984468234e+02 -2.133962690779041271e-02
3.352918292177006947e+02 -2.058753390802276623e-02
3.353093795369545660e+02 -1.994138130209471838e-02
3.353269298562084941e+02 -1.942519893167094641e-02
3.353444801754623086e+02 -1.904493015123766633e-02
3.353620304947162367e+02 -1.878303541993200584e-02
3.353795808139701080e+02 -1.860621992096093621e-02
3.353971311332239793e+02 -1.846991316477377895e-02
3.354146814524778506e+02 -1.832283193192307813e-02
3.354322317717317787e+02 -1.811764276503440713e-02
3.354497820909855932e+02 -1.782389402490137942e-02
3.354673324102395213e+02 -1.741077578642495627e-02
3.354848827294933926e+02 -1.685836104738250990e-02
3.355024330487472639e+02 -1.616945074583985703e-02
3.355199833680011352e+02 -1.535419272730324455e-02
3.355375336872550633e+02 -1.443773327295205799e-02
3.355550840065089346e+02 -1.345677523230120846e-02
3.355726343257628059e+02 -1.243007304171560128e-02
3.355901846450167341e+02 -1.138858599492965917e-02
3.356077349642705485e+02 -1.035594052991637565e-02
3.356252852835244767e+02 -9.351867115031355787e-03
3.356428356027782911e+02 -8.388485860950457840e-03
3.356603859220322192e+02 -7.482825742737285978e-03
3.356779362412860905e+02 -6.643775701634502436e-03
3.356954865605399618e+02 -5.880932297166398433e-03
3.357130368797938331e+02 -5.219482547879426837e-03
3.357305871990477613e+02 -4.679293561138842157e-03
3.357481375183015757e+02 -4.269793265002443626e-03
3.357656878375555038e+02 -4.002615244273559011e-03
3.357832381568093751e+02 -3.877314347343106728e-03
3.358007884760632464e+02 -3.903130800260039973e-03
3.358183387953171177e+02 -4.076439760827149823e-03
3.358358891145710459e+02 -4.375224323736408814e-03
3.358534394338248603e+02 -4.765349446106159279e-03
3.358709897530787885e+02 -5.216352083897993208e-03
3.358885400723326597e+02 -5.702476971179346737e-03
3.359060903915865310e+02 -6.207748835871486522e-03
3.359236407108404023e+02 -6.719756341168538205e-03
3.359411910300943305e+02 -7.223786479829527943e-03
3.359587413493481449e+02 -7.718561079796982909e-03
3.359762916686020731e+02 -8.212035719530195316e-03
3.359938419878559444e+02 -8.714871899184028353e-03
3.360113923071098156e+02 -9.232077027876851860e-03
3.360289426263637438e+02 -9.778463290864550586e-03
3.360464929456176151e+02 -1.036527586678188256e-02
3.360640432648714864e+02 -1.098549749732723180e-02
3.360815935841253577e+02 -1.163079930918431773e-02
3.360991439033792858e+02 -1.229194062550946487e-02
3.361166942226331003e+02 -1.295430761412078718e-02
3.361342445418870284e+02 -1.360978918095252441e-02
3.361517948611408997e+02 -1.424816298641734882e-02
3.361693451803947710e+02 -1.486115751621007279e-02
3.361868954996486423e+02 -1.542842714556220962e-02
3.362044458189025704e+02 -1.594252844578525341e-02
3.362219961381563849e+02 -1.639500983254469496e-02
3.362395464574103130e+02 -1.678939693317064649e-02
3.362570967766641274e+02 -1.713436707097414427e-02
3.362746470959180556e+02 -1.741696196730630961e-02
3.362921974151719269e+02 -1.762618246318263526e-02
3.363097477344257982e+02 -1.775029347556895259e-02
3.363272980536796695e+02 -1.777048647972927220e-02
3.363448483729335976e+02 -1.768086093265407166e-02
3.363623986921874121e+02 -1.748182978464311865e-02
3.363799490114413402e+02 -1.716275306801303205e-02
3.363974993306952115e+02 -1.674062928094242203e-02
3.364150496499490828e+02 -1.624637875320103161e-02
3.364325999692029541e+02 -1.571530100555255591e-02
3.364501502884568822e+02 -1.518825033624735844e-02
3.364677006077106967e+02 -1.471688938313267699e-02
3.364852509269646248e+02 -1.434252594737877966e-02
3.365028012462185529e+02 -1.408185851093771666e-02
3.365203515654723674e+02 -1.395042418849963550e-02
3.365379018847262955e+02 -1.393255946003331240e-02
3.365554522039801668e+02 -1.401486918336918366e-02
3.365730025232340381e+02 -1.416238669775018652e-02
3.365905528424879094e+02 -1.433333889540212847e-02
3.366081031617418375e+02 -1.451655543322044779e-02
3.366256534809956520e+02 -1.469279064971027761e-02
3.366432038002495801e+02 -1.485357042891342211e-02
3.366607541195034514e+02 -1.501309831842642488e-02
3.366783044387573227e+02 -1.519159670642182200e-02
3.366958547580111940e+02 -1.541379252129849477e-02
3.367134050772651221e+02 -1.570165565746206582e-02
3.367309553965189366e+02 -1.607322760976341580e-02
3.367485057157728647e+02 -1.654276169962913545e-02
3.367660560350267360e+02 -1.710953433313834246e-02
3.367836063542806073e+02 -1.777504493675931274e-02
3.368011566735344786e+02 -1.852974575984436129e-02
3.368187069927884068e+02 -1.933096478061866255e-02
3.368362573120422212e+02 -2.013959989719380991e-02
3.368538076312961493e+02 -2.091599592143351255e-02
3.368713579505500206e+02 -2.161750273073654444e-02
3.368889082698038919e+02 -2.220168784597400385e-02
3.369064585890577632e+02 -2.262077380327759749e-02
3.369240089083116345e+02 -2.282328878310073417e-02
3.369415592275655058e+02 -2.276016623846383383e-02
3.369591095468194339e+02 -2.239865219138288677e-02
3.369766598660733052e+02 -2.171666441150370275e-02
3.369942101853271765e+02 -2.070490711066417036e-02
3.370117605045811047e+02 -1.938630935232133271e-02
3.370293108238349191e+02 -1.779299544180395695e-02
3.370468611430888473e+02 -1.597351168478252162e-02
3.370644114623427186e+02 -1.401656946004831844e-02
3.370819617815965898e+02 -1.200779009132238624e-02
3.370995121008504611e+02 -1.004006571577734097e-02
3.371170624201043893e+02 -8.213850128836693021e-03
3.371346127393582037e+02 -6.601246760573871095e-03
3.371521630586121319e+02 -5.273307093063578192e-03
3.371697133778660032e+02 -4.250938973487796563e-03
3.371872636971198745e+02 -3.521264742451835333e-03
3.372048140163737457e+02 -3.057640796397297425e-03
3.372223643356276739e+02 -2.813668804577527504e-03
3.372399146548814883e+02 -2.726687917805743072e-03
3.372574649741354165e+02 -2.733660641477755632e-03
3.372750152933892878e+02 -2.768719189870871844e-03
3.372925656126431591e+02 -2.784100527641325019e-03
3.373101159318970304e+02 -2.762793703786303040e-03
3.373276662511509585e+02 -2.720010488016732630e-03
3.373452165704047729e+02 -2.677678532947327505e-03
3.373627668896587011e+02 -2.690459275879966521e-03
3.373803172089125724e+02 -2.798776553944239218e-03
3.373978675281664437e+02 -3.023904400817634727e-03
3.374154178474203150e+02 -3.406795390311609644e-03
3.374329681666742431e+02 -3.965676777423783779e-03
3.374505184859280575e+02 -4.665999597931164318e-03
3.374680688051819857e+02 -5.463828411379610499e-03
3.374856191244359138e+02 -6.320995773168353385e-03
3.375031694436897283e+02 -7.183877312462125589e-03
3.375207197629436564e+02 -7.978757313352919517e-03
3.375382700821975277e+02 -8.652108065574235646e-03
3.375558204014513990e+02 -9.142370519256573860e-03
3.375733707207052703e+02 -9.422164252780713262e-03
3.375909210399591416e+02 -9.471095535016219383e-03
3.376084713592130129e+02 -9.296792211078682214e-03
3.376260216784669410e+02 -8.923623605584688617e-03
3.376435719977207555e+02 -8.392497313404845977e-03
3.376611223169746836e+02 -7.771762533620745449e-03
3.376786726362285549e+02 -7.144408363738689004e-03
3.376962229554824262e+02 -6.601133569877667105e-03
3.377137732747362975e+02 -6.218138051940243563e-03
3.377313235939902256e+02 -6.064754205369117003e-03
3.377488739132440401e+02 -6.201120705733757961e-03
3.377664242324979682e+02 -6.667926275461078661e-03
3.377839745517518395e+02 -7.467110206627025279e-03
3.378015248710057108e+02 -8.569811992605754630e-03
3.378190751902595821e+02 -9.932652489783106581e-03
3.378366255095135102e+02 -1.147687310735595254e-02
3.378541758287673247e+02 -1.310854293423323498e-02
3.378717261480212528e+02 -1.472849817226691213e-02
3.378892764672751241e+02 -1.622953756866875319e-02
3.379068267865289954e+02 -1.752321607763870567e-02
3.379243771057828667e+02 -1.853112361623090315e-02
3.379419274250367948e+02 -1.919074210944158795e-02
3.379594777442906661e+02 -1.948174527451170326e-02
3.379770280635445374e+02 -1.940032312930392577e-02
3.379945783827984656e+02 -1.897704896235112570e-02
3.380121287020522800e+02 -1.825660398281110652e-02
3.380296790213062081e+02 -1.730171967504540165e-02
3.380472293405600794e+02 -1.618818037672961965e-02
3.380647796598139507e+02 -1.499154995506068316e-02
3.380823299790678220e+02 -1.379233367741148492e-02
3.380998802983217502e+02 -1.265141013161443125e-02
3.381174306175755646e+02 -1.161876692078326473e-02
3.381349809368294927e+02 -1.071541624552832354e-02
3.381525312560833640e+02 -9.944643514660966160e-03
3.381700815753372353e+02 -9.290339472848465133e-03
3.381876318945911066e+02 -8.718499098794903895e-03
3.382051822138450348e+02 -8.187196447780074188e-03
3.382227325330988492e+02 -7.654784207600313223e-03
3.382402828523527774e+02 -7.065312210212658720e-03
3.382578331716065918e+02 -6.388685402901043107e-03
3.382753834908605199e+02 -5.603237873012595002e-03
3.382929338101143912e+02 -4.712595654760599884e-03
3.383104841293682625e+02 -3.711305013722261854e-03
3.383280344486221338e+02 -2.610140427195828134e-03
3.383455847678760620e+02 -1.403578868367619291e-03
3.383631350871298764e+02 -9.555223132174543233e-05
3.383806854063838045e+02 1.305056854548146189e-03
3.383982357256376758e+02 2.791165387129640376e-03
3.384157860448915471e+02 4.371157860539365107e-03
3.384333363641454753e+02 6.041656247313081755e-03
3.384508866833993466e+02 7.801623789522828777e-03
3.384684370026532179e+02 9.619556659800567941e-03
3.384859873219070892e+02 1.146092490274768644e-02
3.385035376411610173e+02 1.329069635342492763e-02
3.385210879604148317e+02 1.505937864772219706e-02
3.385386382796687599e+02 1.671367567247492719e-02
3.385561885989226312e+02 1.820682353886059202e-02
3.385737389181765025e+02 1.950325868433513965e-02
3.385912892374303738e+02 2.057399822947847401e-02
3.386088395566843019e+02 2.141619149820831597e-02
3.386263898759381163e+02 2.203513115746807624e-02
3.386439401951920445e+02 2.244714849949753718e-02
3.386614905144459158e+02 2.269469879840263146e-02
3.386790408336997871e+02 2.280496368007700267e-02
3.386965911529536584e+02 2.282360127477574274e-02
3.387141414722075865e+02 2.278690018066513792e-02
3.387316917914614010e+02 2.271444718761400638e-02
3.387492421107153291e+02 2.263030262678513913e-02
3.387667924299692004e+02 2.254696667868992879e-02
3.387843427492230717e+02 2.244548982364924505e-02
3.388018930684769430e+02 2.231157629558016761e-02
3.388194433877308711e+02 2.213876478232159814e-02
3.388369937069846856e+02 2.189429868122746980e-02
3.388545440262386137e+02 2.155518832189468742e-02
3.388720943454924850e+02 2.110256033446747045e-02
3.388896446647463563e+02 2.051015999927146422e-02
3.389071949840002276e+02 1.977447931717202928e-02
3.389247453032540989e+02 1.890181309230864679e-02
3.389422956225080270e+02 1.790927667669720350e-02
3.389598459417618983e+02 1.683040928737438921e-02
3.389773962610157696e+02 1.569385026981553674e-02
3.389949465802696409e+02 1.454368556419968761e-02
3.390124968995235690e+02 1.341887535645416678e-02
3.390300472187773835e+02 1.236231570087282898e-02
3.390475975380313116e+02 1.142958107723719349e-02
3.390651478572851829e+02 1.065665752047863409e-02
3.390826981765390542e+02 1.005866828120635138e-02
3.391002484957929255e+02 9.639863026247473196e-03
3.391177988150468536e+02 9.404209835798616260e-03
3.391353491343006681e+02 9.341199038573966620e-03
3.391528994535545962e+02 9.438899999094108387e-03
3.391704497728084675e+02 9.657674755492338600e-03
3.391880000920623388e+02 9.980010784990712286e-03
3.392055504113162101e+02 1.037953425825930732e-02
3.392231007305701382e+02 1.082421644973165925e-02
3.392406510498239527e+02 1.129287043563606367e-02
3.392582013690778808e+02 1.177957945172132363e-02
3.392757516883317521e+02 1.227835841540501557e-02
3.392933020075856234e+02 1.279185607319558403e-02
3.393108523268394947e+02 1.332821891702048490e-02
3.393284026460934228e+02 1.391241431178412251e-02
3.393459529653472373e+02 1.456982420339916762e-02
3.393635032846011654e+02 1.533635798575875599e-02
3.393810536038550936e+02 1.624009173098469455e-02
3.393986039231089080e+02 1.730779714437987241e-02
3.394161542423628362e+02 1.854844836294011756e-02
3.394337045616167075e+02 1.996902399472482575e-02
3.394512548808705787e+02 2.156839298014269143e-02
3.394688052001244500e+02 2.334404340340968942e-02
3.394863555193783782e+02 2.526324342421253435e-02
3.395039058386321926e+02 2.730341618408755819e-02
3.395214561578861208e+02 2.943110129401043176e-02
3.395390064771399921e+02 3.160760270546048717e-02
3.395565567963938634e+02 3.378581325778729633e-02
3.395741071156477346e+02 3.592272430396895727e-02
3.395916574349016059e+02 3.796809442456745148e-02
3.396092077541554772e+02 3.988217845371159337e-02
3.396267580734094054e+02 4.163933305590466344e-02
3.396443083926632198e+02 4.320845183196113382e-02
3.396618587119171480e+02 4.456663885090760696e-02
3.396794090311710193e+02 4.572326804440477593e-02
3.396969593504248905e+02 4.668659064443458906e-02
3.397145096696787618e+02 4.749396279204504134e-02
3.397320599889326900e+02 4.817880414426275321e-02
3.397496103081865044e+02 4.878756162473416036e-02
3.397671606274404326e+02 4.938771468938089881e-02
3.397847109466943039e+02 5.003661358970559747e-02
3.398022612659481752e+02 5.078961273304519186e-02
3.398198115852020464e+02 5.166714643083184649e-02
3.398373619044559746e+02 5.269448720323660629e-02
3.398549122237097890e+02 5.388021739082392292e-02
3.398724625429637172e+02 5.521417599733170756e-02
3.398900128622176453e+02 5.667536286495133274e-02
3.399075631814714598e+02 5.823361919976026424e-02
3.399251135007253879e+02 5.983641696497876000e-02
3.399426638199792592e+02 6.145326669754192644e-02
3.399602141392331305e+02 6.306261116926803467e-02
3.399777644584870018e+02 6.463794211934315026e-02
3.399953147777409299e+02 6.616167200463179965e-02
3.400128650969947444e+02 6.763964157917148889e-02
3.400304154162486725e+02 6.908880901736835778e-02
3.400479657355025438e+02 7.054624727871983136e-02
3.400655160547564151e+02 7.204508085073833834e-02
3.400830663740102864e+02 7.362055171020277788e-02
3.401006166932642145e+02 7.530806620242563865e-02
3.401181670125180290e+02 7.713646672602370025e-02
3.401357173317719571e+02 7.914171228758545840e-02
3.401532676510258284e+02 8.135175747647774291e-02
3.401708179702796997e+02 8.377507924867706735e-02
3.401883682895335710e+02 8.640579139010033660e-02
3.402059186087874991e+02 8.923016203084080389e-02
3.402234689280413136e+02 9.221946791516197339e-02
3.402410192472952417e+02 9.533753604998632114e-02
3.402585695665490562e+02 9.854737588704871876e-02
3.402761198858029843e+02 1.018195836777838620e-01
3.402936702050568556e+02 1.051168909278833025e-01
3.403112205243107269e+02 1.084376016918527502e-01
3.403287708435645982e+02 1.117734926533152651e-01
3.403463211628185263e+02 1.151474579776439050e-01
3.403638714820723408e+02 1.185714329912708892e-01
3.403814218013262689e+02 1.220254386029601540e-01
3.403989721205801970e+02 1.255153775572820096e-01
3.404165224398340115e+02 1.290093147962417530e-01
3.404340727590879396e+02 1.324880377453556968e-01
3.404516230783418109e+02 1.359163682636177206e-01
3.404691733975956822e+02 1.392297457213032275e-01
3.404867237168495535e+02 1.423833382737333397e-01
3.405042740361034816e+02 1.453099807780662833e-01
3.405218243553572961e+02 1.479733391118159269e-01
3.405393746746112242e+02 1.503426380615157931e-01
3.405569249938650955e+02 1.524277736421800200e-01
3.405744753131189668e+02 1.542731739163084870e-01
3.405920256323728381e+02 1.559486654495729485e-01
3.406095759516267663e+02 1.575456127741014789e-01
3.406271262708805807e+02 1.591419722636648881e-01
3.406446765901345088e+02 1.608518016557317631e-01
3.406622269093883801e+02 1.627663593757733840e-01
3.406797772286422514e+02 1.649673674744054352e-01
3.406973275478961227e+02 1.675041756009242599e-01
3.407148778671500509e+02 1.704367449307438165e-01
3.407324281864038653e+02 1.737786132341923584e-01
3.407499785056577934e+02 1.775384720603611910e-01
3.407675288249116647e+02 1.817218374390636715e-01
3.407850791441655360e+02 1.863350274524553374e-01
3.408026294634194073e+02 1.913540728980547834e-01
3.408201797826733355e+02 1.967462612923029930e-01
3.408377301019272068e+02 2.024987624985720713e-01
3.408552804211810781e+02 2.086030290238171103e-01
3.408728307404350062e+02 2.150290633323856948e-01
3.408903810596888206e+02 2.217548659801561461e-01
3.409079313789427488e+02 2.287468558578195921e-01
3.409254816981965632e+02 2.359556711923634642e-01
3.409430320174504914e+02 2.433106928914566258e-01
3.409605823367043627e+02 2.507560922046652152e-01
3.409781326559582340e+02 2.582228529472549994e-01
3.409956829752121052e+02 2.656772363356196820e-01
3.410132332944660334e+02 2.730719308254713207e-01
3.410307836137198478e+02 2.803681434604807232e-01
3.410483339329737760e+02 2.875323989496091359e-01
3.410658842522276473e+02 2.945470269005415198e-01
3.410834345714815186e+02 3.014175156984912896e-01
3.411009848907353899e+02 3.081552242835436939e-01
3.411185352099893180e+02 3.147777832844834700e-01
3.411360855292431324e+02 3.212938583002265536e-01
3.411536358484970606e+02 3.277100735072804860e-01
3.411711861677509319e+02 3.340276945757608140e-01
3.411887364870048032e+02 3.402403699623650635e-01
3.412062868062586745e+02 3.463389800988189715e-01
3.412238371255126026e+02 3.522735472449768368e-01
3.412413874447664170e+02 3.580206585884026516e-01
3.412589377640203452e+02 3.635455511415922047e-01
3.412764880832742165e+02 3.688068369958599768e-01
3.412940384025280878e+02 3.737766563592436198e-01
3.413115887217819591e+02 3.784485992838634294e-01
3.413291390410358872e+02 3.828324349396363124e-01
3.413466893602897585e+02 3.869437638061671847e-01
3.413642396795436298e+02 3.908059930994510767e-01
3.413817899987975579e+02 3.944774833957984117e-01
3.413993403180513724e+02 3.980028634639997676e-01
3.414168906373053005e+02 4.014264994150620325e-01
3.414344409565591718e+02 4.047583008629732082e-01
3.414519912758130431e+02 4.079959916300187617e-01
3.414695415950669144e+02 4.111240383441192581e-01
3.414870919143208425e+02 4.141031900763664231e-01
3.415046422335746570e+02 4.168651168499454829e-01
3.415221925528285851e+02 4.193303307181740491e-01
3.415397428720824564e+02 4.213845847539841039e-01
3.415572931913363277e+02 4.229153954232530710e-01
3.415748435105901990e+02 4.238075582151069609e-01
3.415923938298440703e+02 4.239463315139769817e-01
3.416099441490979416e+02 4.232403471763302449e-01
3.416274944683518697e+02 4.215930869359275079e-01
3.416450447876056842e+02 4.189297601260937309e-01
3.416625951068596123e+02 4.151937195135431136e-01
3.416801454261134836e+02 4.103449719065243029e-01
3.416976957453673549e+02 4.043307857819970486e-01
3.417152460646212262e+02 3.970968931582621875e-01
3.417327963838751543e+02 3.886163467637878677e-01
3.417503467031289688e+02 3.788431799003341705e-01
3.417678970223828969e+02 3.677260925513886614e-01
3.417854473416368251e+02 3.551952357152821094e-01
3.418029976608906395e+02 3.411676497095310068e-01
3.418205479801445676e+02 3.255438387719710724e-01
3.418380982993984389e+02 3.082706029528212155e-01
3.418556486186523102e+02 2.893145345048119821e-01
3.418731989379061815e+02 2.686253686277411123e-01
3.418907492571601097e+02 2.461852577944513565e-01
3.419082995764139241e+02 2.220099338717785586e-01
3.419258498956678523e+02 1.961105056973536931e-01
3.419434002149217235e+02 1.685417428748819946e-01
3.419609505341755948e+02 1.394032593078078086e-01
3.419785008534294661e+02 1.087734334059412000e-01
3.419960511726833943e+02 7.679055740854827394e-02
3.420136014919372087e+02 4.368742683054884640e-02
3.420311518111911369e+02 9.724303519600688978e-03
3.420487021304450082e+02 -2.492310102884822201e-02
3.420662524496988794e+02 -6.011561960028193041e-02
3.420838027689527507e+02 -9.563351130986343096e-02
3.421013530882066789e+02 -1.311962382658260207e-01
3.421189034074604933e+02 -1.665730668966308725e-01
3.421364537267144215e+02 -2.015897501553398641e-01
3.421540040459682928e+02 -2.360168901314500800e-01
3.421715543652221641e+02 -2.696145942314318034e-01
3.421891046844760353e+02 -3.021289506089344656e-01
3.422066550037299635e+02 -3.333237572366712365e-01
3.422242053229837779e+02 -3.630413662066508951e-01
3.422417556422377061e+02 -3.911782044347043574e-01
3.422593059614915205e+02 -4.176284351155034047e-01
3.422768562807454487e+02 -4.422783994052806311e-01
3.422944065999993768e+02 -4.650252545083146671e-01
3.423119569192531912e+02 -4.857775486236893259e-01
3.423295072385071194e+02 -5.044800421378796695e-01
3.423470575577609907e+02 -5.211048501171406944e-01
3.423646078770148620e+02 -5.356095839334845676e-01
3.423821581962687333e+02 -5.479327449199176137e-01
3.423997085155226614e+02 -5.580351928124001049e-01
3.424172588347764759e+02 -5.658940866023977057e-01
3.424348091540304040e+02 -5.715042515278364599e-01
3.424523594732842753e+02 -5.748806726028836689e-01
3.424699097925381466e+02 -5.760536684860231293e-01
3.424874601117920179e+02 -5.750796664960735605e-01
3.425050104310459460e+02 -5.720630093696125185e-01
3.425225607502997605e+02 -5.671574143325595063e-01
3.425401110695536886e+02 -5.605485594019947726e-01
3.425576613888075599e+02 -5.524456610063629425e-01
3.425752117080614312e+02 -5.430661589380574306e-01
3.425927620273153025e+02 -5.326350761644695897e-01
3.426103123465692306e+02 -5.213768047079740953e-01
3.426278626658230451e+02 -5.095064171074908943e-01
3.426454129850769732e+02 -4.972195806511519600e-01
3.426629633043308445e+02 -4.847015661248216811e-01
3.426805136235847158e+02 -4.721014704589942546e-01
3.426980639428385871e+02 -4.595288349165656538e-01
3.427156142620925152e+02 -4.470700903429457029e-01
3.427331645813463297e+02 -4.347688499536228046e-01
3.427507149006002578e+02 -4.226491276687163734e-01
3.427682652198541291e+02 -4.107181767684929818e-01
3.427858155391080004e+02 -3.989697750330127302e-01
3.428033658583619285e+02 -3.873862004044075213e-01
3.428209161776157998e+02 -3.759545375053022775e-01
3.428384664968696711e+02 -3.646741916671458195e-01
3.428560168161235424e+02 -3.535494465994246105e-01
3.428735671353774705e+02 -3.425894854508548248e-01
3.428911174546312850e+02 -3.318022602817868871e-01
3.429086677738852131e+02 -3.212088745157390401e-01
3.429262180931390276e+02 -3.108411970652933398e-01
3.429437684123929557e+02 -3.007344739190266347e-01
3.429613187316468270e+02 -2.909310889228409192e-01
3.429788690509006983e+02 -2.814694684682955694e-01
3.429964193701545696e+02 -2.723749635553130988e-01
3.430139696894084977e+02 -2.636532871557650815e-01
3.430315200086623122e+02 -2.552912000284586758e-01
3.430490703279162403e+02 -2.472639450396995897e-01
3.430666206471701116e+02 -2.395548628901034149e-01
3.430841709664239829e+02 -2.321427956602497289e-01
3.431017212856778542e+02 -2.249802557948925863e-01
3.431192716049317823e+02 -2.180248966145198752e-01
3.431368219241855968e+02 -2.112585871027218287e-01
3.431543722434395249e+02 -2.046748713988818802e-01
3.431719225626933962e+02 -1.982651166442837287e-01
3.431894728819472675e+02 -1.920290249237676938e-01
3.432070232012011388e+02 -1.859768591191511555e-01
3.432245735204550670e+02 -1.801094748120133926e-01
3.432421238397089382e+02 -1.744176177553053986e-01
3.432596741589628095e+02 -1.688916984276865318e-01
3.432772244782167377e+02 -1.635116033754909493e-01
3.432947747974705521e+02 -1.582402820666227172e-01
3.433123251167244803e+02 -1.530312501861128549e-01
3.433298754359783516e+02 -1.478357689186871049e-01
3.433474257552322229e+02 -1.426204192318118180e-01
3.433649760744860941e+02 -1.373612712907862354e-01
3.433825263937400223e+02 -1.320465027648531353e-01
3.434000767129938367e+02 -1.266864379331915091e-01
3.434176270322477649e+02 -1.213208413813618297e-01
3.434351773515016362e+02 -1.160146428971275817e-01
3.434527276707555075e+02 -1.108344493654686014e-01
3.434702779900093788e+02 -1.058617431871208686e-01
3.434878283092633069e+02 -1.011788583313163181e-01
3.435053786285171213e+02 -9.686071066685354725e-02
3.435229289477710495e+02 -9.297754801973244498e-02
3.435404792670249208e+02 -8.957171643241017278e-02
3.435580295862787921e+02 -8.665810893161865480e-02
3.435755799055326634e+02 -8.423959703963961043e-02
3.435931302247865347e+02 -8.229958993483509067e-02
3.436106805440404059e+02 -8.079093250310726004e-02
3.436282308632943341e+02 -7.964814499349423538e-02
3.436457811825481485e+02 -7.879735965148708388e-02
3.436633315018020767e+02 -7.816480415703758178e-02
3.436808818210559480e+02 -7.767215685265288494e-02
3.436984321403098193e+02 -7.723224068852452273e-02
3.437159824595636906e+02 -7.677204324840603000e-02
3.437335327788176187e+02 -7.623706202165947410e-02
3.437510830980714900e+02 -7.558328789492924082e-02
3.437686334173253613e+02 -7.479885196004902592e-02
3.437861837365792894e+02 -7.388700907517470329e-02
3.438037340558331039e+02 -7.285843616985854254e-02
3.438212843750870320e+02 -7.172805715614365141e-02
3.438388346943409033e+02 -7.051465143794355406e-02
3.438563850135947746e+02 -6.924974708993650307e-02
3.438739353328486459e+02 -6.795349381465172478e-02
3.438914856521025740e+02 -6.662817273012773545e-02
3.439090359713563885e+02 -6.527245623799976526e-02
3.439265862906103166e+02 -6.387825524729021098e-02
3.439441366098641879e+02 -6.243656467821325634e-02
3.439616869291180592e+02 -6.093034408647866884e-02
3.439792372483719305e+02 -5.934283415045543686e-02
3.439967875676258586e+02 -5.768396736902985794e-02
3.440143378868796731e+02 -5.599344383942626152e-02
3.440318882061336012e+02 -5.431680099807604384e-02
3.440494385253874725e+02 -5.270069418416531426e-02
3.440669888446413438e+02 -5.121261731366903713e-02
3.440845391638952151e+02 -4.992235452550477376e-02
3.441020894831491432e+02 -4.888429910052565636e-02
3.441196398024029577e+02 -4.813509178342115918e-02
3.441371901216568858e+02 -4.769206922860115550e-02
3.441547404409107571e+02 -4.755003042797933260e-02
3.441722907601646284e+02 -4.767018607805823677e-02
3.441898410794184997e+02 -4.798370479640105130e-02
3.442073913986724278e+02 -4.841153691150450189e-02
3.442249417179262423e+02 -4.886536731333122885e-02
3.442424920371801704e+02 -4.925753804068230129e-02
3.442600423564340417e+02 -4.951707934802418443e-02
3.442775926756879130e+02 -4.958946150708615913e-02
3.442951429949418412e+02 -4.944010546363308833e-02
3.443126933141956556e+02 -4.906095958706100518e-02
3.443302436334495837e+02 -4.847226439055730279e-02
3.443477939527034550e+02 -4.770423263984512052e-02
3.443653442719573263e+02 -4.679451750834068280e-02
3.443828945912111976e+02 -4.578585231319388937e-02
3.444004449104651258e+02 -4.471533674724723767e-02
3.444179952297189402e+02 -4.361094999967428387e-02
3.444355455489728683e+02 -4.248021871987001791e-02
3.444530958682267396e+02 -4.130619005861761034e-02
3.444706461874806109e+02 -4.007103300766835796e-02
3.444881965067344822e+02 -3.875323096087478214e-02
3.445057468259884104e+02 -3.732549004951482563e-02
3.445232971452422248e+02 -3.576841347727695297e-02
3.445408474644961530e+02 -3.407760618355165638e-02
3.445583977837500242e+02 -3.226995834116058726e-02
3.445759481030038955e+02 -3.039336495229812488e-02
3.445934984222577668e+02 -2.850511543130100633e-02
3.446110487415116950e+02 -2.667041625235146152e-02
3.446285990607655094e+02 -2.496567410832751729e-02
3.446461493800194376e+02 -2.346521011271354359e-02
3.446636996992733089e+02 -2.223175009231484825e-02
3.446812500185271801e+02 -2.130718390286517189e-02
3.446988003377811083e+02 -2.071223338053969701e-02
3.447163506570349796e+02 -2.044229870595268977e-02
3.447339009762888509e+02 -2.046584513083713266e-02
3.447514512955427222e+02 -2.074471172682296541e-02
3.447690016147966503e+02 -2.122040408242844081e-02
3.447865519340504648e+02 -2.181845665635801998e-02
3.448041022533043929e+02 -2.247461755481241705e-02
3.448216525725582642e+02 -2.314211370185233901e-02
3.448392028918121355e+02 -2.378360807293895124e-02
3.448567532110660068e+02 -2.436598753507215540e-02
3.448743035303199349e+02 -2.486808219831028455e-02
3.448918538495737494e+02 -2.527673600537722748e-02
3.449094041688276775e+02 -2.558783791186745871e-02
3.449269544880814919e+02 -2.579148744112171043e-02
3.449445048073354201e+02 -2.587376091246522403e-02
3.449620551265892914e+02 -2.582499021704179332e-02
3.449796054458431627e+02 -2.563430689605910445e-02
3.449971557650970340e+02 -2.528580446531270010e-02
3.450147060843509621e+02 -2.477026734847096595e-02
3.450322564036047766e+02 -2.408965914127425556e-02
3.450498067228587047e+02 -2.324260430301353098e-02
3.450673570421125760e+02 -2.225323093837326682e-02
3.450849073613664473e+02 -2.118660902560146747e-02
3.451024576806203186e+02 -2.009331226144493027e-02
3.451200079998742467e+02 -1.903072582080166802e-02
3.451375583191280612e+02 -1.807399172166241144e-02
3.451551086383819893e+02 -1.726208506170433948e-02
3.451726589576358606e+02 -1.662460431091652285e-02
3.451902092768897319e+02 -1.618178029834140691e-02
3.452077595961436600e+02 -1.591246937177570597e-02
3.452253099153975313e+02 -1.576698193343494675e-02
3.452428602346514026e+02 -1.568947910562323508e-02
3.452604105539052739e+02 -1.562038494077557828e-02
3.452779608731592020e+02 -1.550528852288363645e-02
3.452955111924130165e+02 -1.529825733436495326e-02
3.453130615116669446e+02 -1.497582353903654205e-02
3.453306118309208159e+02 -1.453513853664417307e-02
3.453481621501746872e+02 -1.400145126750141494e-02
3.453657124694285585e+02 -1.341333905832221146e-02
3.453832627886824866e+02 -1.283706491962812411e-02
3.454008131079363011e+02 -1.233716569798644185e-02
3.454183634271902292e+02 -1.197288295295591623e-02
3.454359137464441005e+02 -1.178119685796901253e-02
3.454534640656979718e+02 -1.180664699707535681e-02
3.454710143849518431e+02 -1.206758432354116881e-02
3.454885647042057712e+02 -1.256843769593373253e-02
3.455061150234595857e+02 -1.329705142011408485e-02
3.455236653427135138e+02 -1.423083695587456544e-02
3.455412156619673283e+02 -1.533400916795125100e-02
3.455587659812212564e+02 -1.655985478797878524e-02
3.455763163004751277e+02 -1.786452694640396771e-02
3.455938666197289990e+02 -1.919394330066946652e-02
3.456114169389828703e+02 -2.050232523458567560e-02
3.456289672582367984e+02 -2.174570058923453938e-02
3.456465175774906697e+02 -2.287740599557612498e-02
3.456640678967445410e+02 -2.387907977611738661e-02
3.456816182159984692e+02 -2.472614164133250803e-02
3.456991685352522836e+02 -2.538267772035096223e-02
3.457167188545062118e+02 -2.582649302040444100e-02
3.457342691737600830e+02 -2.604681092017738231e-02
3.457518194930139543e+02 -2.604737391510947991e-02
3.457693698122678256e+02 -2.583534797498509422e-02
3.457869201315217538e+02 -2.543041313371061790e-02
3.458044704507755682e+02 -2.488961714916515869e-02
3.458220207700294964e+02 -2.424286043591127038e-02
3.458395710892833677e+02 -2.355186779571116079e-02
3.458571214085372389e+02 -2.287371487533339243e-02
3.458746717277911102e+02 -2.224503473364124184e-02
3.458922220470450384e+02 -2.170914846253342231e-02
3.459097723662988528e+02 -2.132467021335835572e-02
3.459273226855527810e+02 -2.107727293561257459e-02
3.459448730048066523e+02 -2.097509866928378569e-02
3.459624233240605236e+02 -2.100199036718585280e-02
3.459799736433143948e+02 -2.110208924275020631e-02
3.459975239625683230e+02 -2.123054916700682637e-02
3.460150742818221374e+02 -2.132249599488516417e-02
3.460326246010760656e+02 -2.130863658323894211e-02
3.460501749203299369e+02 -2.112330720163051179e-02
3.460677252395838082e+02 -2.073203969167707050e-02
3.460852755588376795e+02 -2.010588018142419470e-02
3.461028258780916076e+02 -1.924860209541427378e-02
3.461203761973454220e+02 -1.819208437919880503e-02
3.461379265165993502e+02 -1.698162647473568099e-02
3.461554768358532783e+02 -1.568625772152730871e-02
3.461730271551070928e+02 -1.439159226438183753e-02
3.461905774743610209e+02 -1.319707588875012640e-02
3.462081277936148354e+02 -1.217763452942307971e-02
3.462256781128687635e+02 -1.140999726051438422e-02
3.462432284321226348e+02 -1.092948629652073199e-02
3.462607787513765061e+02 -1.075953209772947602e-02
3.462783290706303774e+02 -1.090190254585597131e-02
3.462958793898843055e+02 -1.131637546257157657e-02
3.463134297091381200e+02 -1.195809110224648614e-02
3.463309800283920481e+02 -1.275848932547207076e-02
3.463485303476459194e+02 -1.363696054100257266e-02
3.463660806668997907e+02 -1.452354602915514534e-02
3.463836309861536620e+02 -1.536411093491112448e-02
3.464011813054075901e+02 -1.610735847744729221e-02
3.464187316246614046e+02 -1.672339997693268743e-02
3.464362819439153327e+02 -1.720680495983306982e-02
3.464538322631692040e+02 -1.755432186850125476e-02
3.464713825824230753e+02 -1.778707566234335319e-02
3.464889329016769466e+02 -1.792083223823990115e-02
3.465064832209308747e+02 -1.797462050061584757e-02
3.465240335401846892e+02 -1.796349903127873390e-02
3.465415838594386173e+02 -1.789337088278003529e-02
3.465591341786924886e+02 -1.775864630460244342e-02
3.465766844979463599e+02 -1.754403266224453459e-02
3.465942348172002312e+02 -1.722355795039045429e-02
3.466117851364541593e+02 -1.679038049904414687e-02
3.466293354557079738e+02 -1.622511649640269796e-02
3.466468857749619019e+02 -1.553147885346901035e-02
3.466644360942158301e+02 -1.471104733545780356e-02
3.466819864134696445e+02 -1.380224398697743778e-02
3.466995367327235726e+02 -1.283738876334003173e-02
3.467170870519774439e+02 -1.189592987704282331e-02
3.467346373712313152e+02 -1.102913754418252158e-02
3.467521876904851865e+02 -1.030583148295294814e-02
3.467697380097391147e+02 -9.807318306662338517e-03
3.467872883289929291e+02 -9.566655166733091173e-03
3.468048386482468572e+02 -9.608948812375270321e-03
3.468223889675007285e+02 -9.939580343352804465e-03
3.468399392867545998e+02 -1.054109437164021251e-02
3.468574896060084711e+02 -1.136983720438146037e-02
3.468750399252623424e+02 -1.236123742456276403e-02
3.468925902445162137e+02 -1.344168809265098088e-02
3.469101405637701419e+02 -1.453165819956927542e-02
3.469276908830239563e+02 -1.554628556520485337e-02
3.469452412022778844e+02 -1.641051325244508377e-02
3.469627915215317557e+02 -1.705552651566961259e-02
3.469803418407856270e+02 -1.743493061283272333e-02
3.469978921600394983e+02 -1.753575215243084046e-02
3.470154424792934265e+02 -1.735618264996900695e-02
3.470329927985472409e+02 -1.691874304669339218e-02
3.470505431178011690e+02 -1.626588227959943275e-02
3.470680934370550403e+02 -1.544379127140866302e-02
3.470856437563089116e+02 -1.449693747903016069e-02
3.471031940755628398e+02 -1.346156436124363621e-02
3.471207443948167111e+02 -1.236854421878930653e-02
3.471382947140705824e+02 -1.124210079915709433e-02
3.471558450333244537e+02 -1.009671230137406013e-02
3.471733953525783818e+02 -8.922456354370106660e-03
3.471909456718321962e+02 -7.712870550590095360e-03
3.472084959910861244e+02 -6.463113125918498215e-03
3.472260463103399957e+02 -5.177863295986752899e-03
3.472435966295938670e+02 -3.866936234576280780e-03
3.472611469488477383e+02 -2.549636457318990058e-03
3.472786972681016664e+02 -1.253925714828796117e-03
3.472962475873554808e+02 -2.177196410856710202e-05
3.473137979066094090e+02 1.099923275669500078e-03
3.473313482258632803e+02 2.070104063352007362e-03
3.473488985451171516e+02 2.836880911849696835e-03
3.473664488643710229e+02 3.367419842254106704e-03
3.473839991836249510e+02 3.649400279951943698e-03
3.474015495028787655e+02 3.679116038524382105e-03
3.474190998221326936e+02 3.470285076889325672e-03
3.474366501413865649e+02 3.048907223472327021e-03
3.474542004606404362e+02 2.459082600028399384e-03
3.474717507798943075e+02 1.768491552735647256e-03
3.474893010991482356e+02 1.056325839725715931e-03
3.475068514184020501e+02 4.098519384966992215e-04
3.475244017376559782e+02 -9.211511196821461553e-05
3.475419520569097926e+02 -3.814521730647557835e-04
3.475595023761637208e+02 -4.150683268669151985e-04
3.475770526954175921e+02 -1.820182479553008952e-04
3.475946030146714634e+02 3.096167162411608072e-04
3.476121533339253915e+02 1.021063070324530926e-03
3.476297036531792628e+02 1.888042993631281570e-03
3.476472539724331341e+02 2.821764519559919870e-03
3.476648042916870054e+02 3.722375915065519007e-03
3.476823546109409335e+02 4.500233616367558739e-03
3.476999049301947480e+02 5.068468148316605977e-03
3.477174552494486761e+02 5.353209325235816843e-03
3.477350055687025474e+02 5.312909608848978386e-03
3.477525558879564187e+02 4.927415545828104163e-03
3.477701062072102900e+02 4.210925290285923682e-03
3.477876565264642181e+02 3.205010610819202833e-03
3.478052068457180326e+02 1.967150558205727710e-03
3.478227571649719607e+02 5.675242096717668426e-04
3.478403074842258320e+02 -9.186917256957948148e-04
3.478578578034797033e+02 -2.402605400008522765e-03
3.478754081227335746e+02 -3.815048383217798343e-03
3.478929584419875027e+02 -5.097918830510299315e-03
3.479105087612413172e+02 -6.191805737866739809e-03
3.479280590804952453e+02 -7.065967413023913068e-03
3.479456093997491166e+02 -7.701661333576375994e-03
3.479631597190029879e+02 -8.092833097407738790e-03
3.479807100382568592e+02 -8.247483956925075535e-03
3.479982603575107873e+02 -8.179270891295454746e-03
3.480158106767646018e+02 -7.906737464703219101e-03
3.480333609960185299e+02 -7.457311000465134329e-03
3.480509113152724012e+02 -6.839485760434843749e-03
3.480684616345262725e+02 -6.062977825810609775e-03
3.480860119537801438e+02 -5.148481136677740197e-03
3.481035622730340719e+02 -4.118442311026522182e-03
3.481211125922879432e+02 -2.995627232169516523e-03
3.481386629115418145e+02 -1.799409032827062544e-03
3.481562132307957427e+02 -5.667638954519598361e-04
3.481737635500495571e+02 6.581852914835680099e-04
3.481913138693034853e+02 1.836301994141933741e-03
3.482088641885572997e+02 2.919253519352872032e-03
3.482264145078112278e+02 3.867979245335931380e-03
3.482439648270650991e+02 4.654289851212751149e-03
3.482615151463189704e+02 5.244138849539269412e-03
3.482790654655728417e+02 5.631256615411153743e-03
3.482966157848267699e+02 5.833438052223673120e-03
3.483141661040805843e+02 5.888145255676064532e-03
3.483317164233345125e+02 5.832375575536927897e-03
3.483492667425883837e+02 5.716001559105145929e-03
3.483668170618422550e+02 5.607676522318917091e-03
3.483843673810961263e+02 5.568330614081616961e-03
3.484019177003500545e+02 5.659846738452501899e-03
3.484194680196038689e+02 5.945027070907491114e-03
3.484370183388577971e+02 6.464201807867835277e-03
3.484545686581116684e+02 7.247454455015612390e-03
3.484721189773655396e+02 8.312125750842457722e-03
3.484896692966194109e+02 9.662899289891830126e-03
3.485072196158733391e+02 1.130654485018398742e-02
3.485247699351271535e+02 1.323093176277930806e-02
3.485423202543810817e+02 1.540585085678618411e-02
3.485598705736350098e+02 1.779373458432121496e-02
3.485774208928888243e+02 2.034106602772169092e-02
3.485949712121427524e+02 2.296631233830630572e-02
3.486125215313966237e+02 2.558895953574734719e-02
3.486300718506504950e+02 2.811593490134069867e-02
3.486476221699043663e+02 3.042566782270840833e-02
3.486651724891582944e+02 3.240614205403965359e-02
3.486827228084121089e+02 3.396851115294819562e-02
3.487002731276660370e+02 3.502704044105518083e-02
3.487178234469199083e+02 3.551160556840696203e-02
3.487353737661737796e+02 3.538906220104472145e-02
3.487529240854276509e+02 3.465384964290515318e-02
3.487704744046815790e+02 3.335189629223771213e-02
3.487880247239353935e+02 3.155407840120661583e-02
3.488055750431893216e+02 2.937092661432711901e-02
3.488231253624431929e+02 2.694220874344346525e-02
3.488406756816970642e+02 2.439292727700757488e-02
3.488582260009509355e+02 2.182930519333435224e-02
3.488757763202048068e+02 1.935951156516804023e-02
3.488933266394586781e+02 1.702458689398149427e-02
3.489108769587126062e+02 1.483921121341936697e-02
3.489284272779664207e+02 1.276884023819283183e-02
3.489459775972203488e+02 1.077772956221526371e-02
3.489635279164742201e+02 8.812591787568812077e-03
3.489810782357280914e+02 6.814804692595440895e-03
3.489986285549819627e+02 4.748389395651807753e-03
3.490161788742358908e+02 2.603208023534320410e-03
3.490337291934897053e+02 3.868839805862614705e-04
3.490512795127436334e+02 -1.858059284816926783e-03
3.490688298319975615e+02 -4.083420219149885670e-03
3.490863801512513760e+02 -6.202071849967984857e-03
3.491039304705053041e+02 -8.132051479712942496e-03
3.491214807897591754e+02 -9.802435464677338242e-03
3.491390311090130467e+02 -1.114933861303031223e-02
3.491565814282669180e+02 -1.214393570190890059e-02
3.491741317475208461e+02 -1.276415103952932562e-02
3.491916820667746606e+02 -1.300914508569047529e-02
3.492092323860285887e+02 -1.291876602579850389e-02
3.492267827052824600e+02 -1.254654770142785494e-02
3.492443330245363313e+02 -1.195132000164073754e-02
3.492618833437902026e+02 -1.119643909229654961e-02
3.492794336630441308e+02 -1.035493107791533862e-02
3.492969839822979452e+02 -9.502430977406649618e-03
3.493145343015518733e+02 -8.723436271861407729e-03
3.493320846208057446e+02 -8.087632667737276043e-03
3.493496349400596159e+02 -7.642259951979171045e-03
3.493671852593134872e+02 -7.431001511028881984e-03
3.493847355785674154e+02 -7.465324946534955194e-03
3.494022858978212298e+02 -7.757124001933094967e-03
3.494198362170751579e+02 -8.297211255262662219e-03
3.494373865363290292e+02 -9.051953592577844168e-03
3.494549368555829005e+02 -9.982687122612613276e-03
3.494724871748367718e+02 -1.104021657320880534e-02
3.494900374940907000e+02 -1.216567024152026555e-02
3.495075878133445713e+02 -1.330426655310530670e-02
3.495251381325984426e+02 -1.442066229357063904e-02
3.495426884518522570e+02 -1.546955389181462609e-02
3.495602387711061851e+02 -1.643267699194905437e-02
3.495777890903601133e+02 -1.728719250890367251e-02
3.495953394096139277e+02 -1.802318529527758423e-02
3.496128897288678559e+02 -1.861970643025309680e-02
3.496304400481217272e+02 -1.906020211810647083e-02
3.496479903673755985e+02 -1.933491915666660579e-02
3.496655406866294697e+02 -1.944619221319969504e-02
3.496830910058833979e+02 -1.937932463639614050e-02
3.497006413251372123e+02 -1.911187589904272607e-02
3.497181916443911405e+02 -1.861371477165752603e-02
3.497357419636450118e+02 -1.785332793040205618e-02
3.497532922828988831e+02 -1.680844381065679793e-02
3.497708426021527544e+02 -1.547168717665130082e-02
3.497883929214066825e+02 -1.385219220365348398e-02
3.498059432406604969e+02 -1.195840682184985508e-02
3.498234935599144251e+02 -9.841304188145053727e-03
3.498410438791682964e+02 -7.564707435573228035e-03
3.498585941984221677e+02 -5.191680413057591335e-03
3.498761445176760390e+02 -2.799085554262141593e-03
3.498936948369299671e+02 -4.782648776612675014e-04
3.499112451561837815e+02 1.655418328050586776e-03
3.499287954754377097e+02 3.485984213535012286e-03
3.499463457946915810e+02 4.969317628048013774e-03
3.499638961139454523e+02 6.053786921367429637e-03
3.499814464331993236e+02 6.702915325955602181e-03
3.499989967524532517e+02 6.922712575893757297e-03
3.500165470717071230e+02 6.726969247746755580e-03
3.500340973909609943e+02 6.154047533137826584e-03
3.500516477102149224e+02 5.272596025853386326e-03
3.500691980294687369e+02 4.169545038935712489e-03
3.500867483487226650e+02 2.923771120488815461e-03
3.501042986679765363e+02 1.618136301504633813e-03
3.501218489872304076e+02 3.448774756375248612e-04
3.501393993064842789e+02 -8.328917868453770404e-04
3.501569496257382070e+02 -1.849905806255767006e-03
3.501744999449920215e+02 -2.665464641385298806e-03
3.501920502642459496e+02 -3.253179858554840209e-03
3.502096005834997641e+02 -3.614084371209616911e-03
3.502271509027536922e+02 -3.746416092620091527e-03
3.502447012220075635e+02 -3.670078112261985093e-03
3.502622515412614348e+02 -3.428729843452102150e-03
3.502798018605153061e+02 -3.071861756578758360e-03
3.502973521797692342e+02 -2.648479109787022379e-03
3.503149024990230487e+02 -2.215443697376145646e-03
3.503324528182769768e+02 -1.827044568126966152e-03
3.503500031375308481e+02 -1.524965919337748377e-03
3.503675534567847194e+02 -1.363653948525069730e-03
3.503851037760385907e+02 -1.373501443406799404e-03
3.504026540952925188e+02 -1.586707166787764507e-03
3.504202044145463333e+02 -2.014247889737226429e-03
3.504377547338002614e+02 -2.634965987390002623e-03
3.504553050530541896e+02 -3.419686855548271891e-03
3.504728553723080040e+02 -4.332146996865187012e-03
3.504904056915618753e+02 -5.325301890807486102e-03
3.505079560108158034e+02 -6.336199957145284729e-03
3.505255063300696747e+02 -7.306465193832941719e-03
3.505430566493235460e+02 -8.188730092216269310e-03
3.505606069685774742e+02 -8.942414164257905113e-03
3.505781572878312886e+02 -9.540689790604338708e-03
3.505957076070852168e+02 -9.973572271567711020e-03
3.506132579263390880e+02 -1.023576607691507358e-02
3.506308082455929593e+02 -1.033067100156642715e-02
3.506483585648468306e+02 -1.027544368802589016e-02
3.506659088841007588e+02 -1.008232222506912253e-02
3.506834592033545732e+02 -9.761159331190922064e-03
3.507010095226085014e+02 -9.318921955513917096e-03
3.507185598418623727e+02 -8.750682352158952251e-03
3.507361101611162439e+02 -8.055540647333703924e-03
3.507536604803701152e+02 -7.241275235549521003e-03
3.507712107996240434e+02 -6.312590779579816368e-03
3.507887611188778578e+02 -5.275736749712553811e-03
3.508063114381317860e+02 -4.150736114000600982e-03
3.508238617573856573e+02 -2.970956135233909431e-03
3.508414120766395286e+02 -1.782882966117179486e-03
3.508589623958933998e+02 -6.347517154707903826e-04
3.508765127151472711e+02 4.164612700827670464e-04
3.508940630344011424e+02 1.310998925691660762e-03
3.509116133536550706e+02 2.005601301016699499e-03
3.509291636729088850e+02 2.487694813724665704e-03
3.509467139921628132e+02 2.766832038535231315e-03
3.509642643114167413e+02 2.865301310154296129e-03
3.509818146306705557e+02 2.826013081994225695e-03
3.509993649499244839e+02 2.708673849987602855e-03
3.510169152691783552e+02 2.574839530769138050e-03
3.510344655884322265e+02 2.492984292780793705e-03
3.510520159076860978e+02 2.534659523650792303e-03
3.510695662269400259e+02 2.753541390188105759e-03
3.510871165461938403e+02 3.178939495955244738e-03
3.511046668654477685e+02 3.816994090215903093e-03
3.511222171847016398e+02 4.656549609927220987e-03
3.511397675039555111e+02 5.674534569361203325e-03
3.511573178232093824e+02 6.832581383536280757e-03
3.511748681424633105e+02 8.079802723370459530e-03
3.511924184617171250e+02 9.362314958652532410e-03
3.512099687809710531e+02 1.062420247507161498e-02
3.512275191002249244e+02 1.180951939881805593e-02
3.512450694194787957e+02 1.286810835178073958e-02
3.512626197387326670e+02 1.375537239903677940e-02
3.512801700579865951e+02 1.441914320402809535e-02
3.512977203772404096e+02 1.480239126399729085e-02
3.513152706964943377e+02 1.486003048428773989e-02
3.513328210157482090e+02 1.454467039928776864e-02
3.513503713350020803e+02 1.382025976378608439e-02
3.513679216542559516e+02 1.266452119208693120e-02
3.513854719735098797e+02 1.107093072462215361e-02
3.514030222927636942e+02 9.059286772985808769e-03
3.514205726120176223e+02 6.679203007006347635e-03
3.514381229312714936e+02 4.007694344135484879e-03
3.514556732505253649e+02 1.135305284577979969e-03
3.514732235697792930e+02 -1.830551277839539710e-03
3.514907738890331643e+02 -4.773084948041832025e-03
3.515083242082870356e+02 -7.572803338060463650e-03
3.515258745275409069e+02 -1.014031733075953200e-02
3.515434248467947782e+02 -1.239409653075394975e-02
3.515609751660486495e+02 -1.426691373822439393e-02
3.515785254853025776e+02 -1.572376549260868367e-02
3.515960758045563921e+02 -1.674131543417044926e-02
3.516136261238103202e+02 -1.731090621679890959e-02
3.516311764430641915e+02 -1.744573409601237954e-02
3.516487267623180628e+02 -1.715192858201117221e-02
3.516662770815719341e+02 -1.643764168046361537e-02
3.516838274008258622e+02 -1.533322228600926020e-02
3.517013777200796767e+02 -1.388178031579657100e-02
3.517189280393336048e+02 -1.212353382801931168e-02
3.517364783585874761e+02 -1.010733490296074517e-02
3.517540286778413474e+02 -7.878383353904894193e-03
3.517715789970952187e+02 -5.494967699512447006e-03
3.517891293163491468e+02 -3.035543335845700564e-03
3.518066796356029613e+02 -5.754850747624518006e-04
3.518242299548568894e+02 1.803792750625490826e-03
3.518417802741107607e+02 4.033893871463538686e-03
3.518593305933646320e+02 6.061291977591143354e-03
3.518768809126185033e+02 7.830547425503733144e-03
3.518944312318724315e+02 9.319345240094865576e-03
3.519119815511263027e+02 1.052286133239588480e-02
3.519295318703801740e+02 1.143908058540570039e-02
3.519470821896340453e+02 1.207917716204109752e-02
3.519646325088879166e+02 1.245285232073126830e-02
3.519821828281418448e+02 1.256793996580113544e-02
3.519997331473957161e+02 1.244755400910363581e-02
3.520172834666495874e+02 1.213729175682909563e-02
3.520348337859034586e+02 1.165900530221874142e-02
3.520523841051573868e+02 1.104559396005709397e-02
3.520699344244112012e+02 1.032445377869663748e-02
3.520874847436651294e+02 9.544879542314275989e-03
3.521050350629190007e+02 8.737854990006033509e-03
3.521225853821728720e+02 7.957735696874277537e-03
3.521401357014267433e+02 7.228616120086342987e-03
3.521576860206806714e+02 6.576379396134876890e-03
3.521752363399344858e+02 6.017389500030451664e-03
3.521927866591884140e+02 5.575421448920848087e-03
3.522103369784422284e+02 5.240192155778399148e-03
3.522278872976961566e+02 4.996486069576386822e-03
3.522454376169500279e+02 4.824125480708257342e-03
3.522629879362038992e+02 4.710573306622782737e-03
3.522805382554577704e+02 4.640081770676161670e-03
3.522980885747116986e+02 4.584037504229730893e-03
3.523156388939655130e+02 4.540531872228992585e-03
3.523331892132194412e+02 4.499861822418020803e-03
3.523507395324733125e+02 4.460685179992508569e-03
3.523682898517271838e+02 4.421127219525604682e-03
3.523858401709810551e+02 4.396364330302964495e-03
3.524033904902349832e+02 4.398174666978538726e-03
